-2.000000000000000000e+01 1.253272438710485585e+05
-1.996877439500390494e+01 1.244162177343795629e+05
-1.993754879000780633e+01 1.224305912134829268e+05
-1.990632318501171127e+01 1.192748648656728910e+05
-1.987509758001561266e+01 1.149110314242837194e+05
-1.984387197501951761e+01 1.093626768054208806e+05
-1.981264637002341900e+01 1.028507363761374145e+05
-1.978142076502732394e+01 9.568589428830402903e+04
-1.975019516003122533e+01 8.806054318503798277e+04
-1.971896955503513027e+01 8.013370434393582400e+04
-1.968774395003903166e+01 7.208466220882080961e+04
-1.965651834504293660e+01 6.410736553093719704e+04
-1.962529274004683799e+01 5.636559699018973333e+04
-1.959406713505074293e+01 4.895175535266224324e+04
-1.956284153005464432e+01 4.202635977749835001e+04
-1.953161592505854927e+01 3.584594264724342793e+04
-1.950039032006245066e+01 3.065628428041027291e+04
-1.946916471506635560e+01 2.668113362227071048e+04
-1.943793911007025699e+01 2.411188799406429462e+04
-1.940671350507416193e+01 2.309863357414498023e+04
-1.937548790007806332e+01 2.374292351301598319e+04
-1.934426229508196826e+01 2.609261868262823918e+04
-1.931303669008586965e+01 3.014595649291468726e+04
-1.928181108508977459e+01 3.587964925133986981e+04
-1.925058548009367598e+01 4.326124860354144039e+04
-1.921935987509758093e+01 5.223640338608716411e+04
-1.918813427010148231e+01 6.273447692939927947e+04
-1.915690866510538726e+01 7.467256951842922717e+04
-1.912568306010928865e+01 8.783364496190566570e+04
-1.909445745511319359e+01 1.017237011750169040e+05
-1.906323185011709498e+01 1.158174817088101991e+05
-1.903200624512099992e+01 1.297208295257230930e+05
-1.900078064012490131e+01 1.430560664066554455e+05
-1.896955503512880625e+01 1.554765573090506659e+05
-1.893832943013270764e+01 1.666798919926427188e+05
-1.890710382513661258e+01 1.764190896006616531e+05
-1.887587822014051397e+01 1.845113406924886804e+05
-1.884465261514441892e+01 1.908439766730488336e+05
-1.881342701014832031e+01 1.954540534752163803e+05
-1.878220140515222525e+01 1.984479818980901618e+05
-1.875097580015612664e+01 1.998834924900287879e+05
-1.871975019516003158e+01 1.998322727222768299e+05
-1.868852459016393297e+01 1.984110660525787971e+05
-1.865729898516783791e+01 1.957768039648469130e+05
-1.862607338017173930e+01 1.921123469948604761e+05
-1.859484777517564424e+01 1.876232415382103063e+05
-1.856362217017954563e+01 1.825627198880587821e+05
-1.853239656518345058e+01 1.772108205776887480e+05
-1.850117096018735197e+01 1.718373030999905895e+05
-1.846994535519125691e+01 1.666890255563636019e+05
-1.843871975019516185e+01 1.619786946922384959e+05
-1.840749414519906324e+01 1.578754598577845609e+05
-1.837626854020296463e+01 1.544977701669593516e+05
-1.834504293520686957e+01 1.519088215540956589e+05
-1.831381733021077451e+01 1.501363805054381955e+05
-1.828259172521467590e+01 1.491337447333235759e+05
-1.825136612021858085e+01 1.487657480844428646e+05
-1.822014051522248224e+01 1.488666543679810129e+05
-1.818891491022638718e+01 1.492686803141144628e+05
-1.815768930523028857e+01 1.498074273818458314e+05
-1.812646370023419351e+01 1.502967745282459655e+05
-1.809523809523809490e+01 1.504841938639360305e+05
-1.806401249024199984e+01 1.501081469631030923e+05
-1.803278688524590123e+01 1.489583958438427362e+05
-1.800156128024980617e+01 1.468580203549906146e+05
-1.797033567525370756e+01 1.436739111406774027e+05
-1.793911007025761251e+01 1.393253304405989475e+05
-1.790788446526151390e+01 1.337901422151976731e+05
-1.787665886026541884e+01 1.271084598157977598e+05
-1.784543325526932023e+01 1.193836463145999296e+05
-1.781420765027322517e+01 1.110153953811428801e+05
-1.778298204527712656e+01 1.024489082116809877e+05
-1.775175644028103150e+01 9.383789686323274509e+04
-1.772053083528493289e+01 8.525548760954377940e+04
-1.768930523028883783e+01 7.679699577401787974e+04
-1.765807962529273922e+01 6.857516640190630278e+04
-1.762685402029664417e+01 6.068182338677565713e+04
-1.759562841530054556e+01 5.317824392507656739e+04
-1.756440281030445050e+01 4.622312548513084766e+04
-1.753317720530835189e+01 4.005826695879564795e+04
-1.750195160031225683e+01 3.490832008378259343e+04
-1.747072599531615822e+01 3.097038097063644454e+04
-1.743950039032006316e+01 2.840488854591307609e+04
-1.740827478532396455e+01 2.732815398279169312e+04
-1.737704918032786949e+01 2.780682486774017525e+04
-1.734582357533177088e+01 2.985452272303667996e+04
-1.731459797033567583e+01 3.343487470559997018e+04
-1.728337236533957721e+01 3.845649372266712453e+04
-1.725214676034348216e+01 4.477943450850226509e+04
-1.722092115534738355e+01 5.223201929184445180e+04
-1.718969555035128849e+01 6.062027720909028722e+04
-1.715846994535518988e+01 6.973374251844084938e+04
-1.712724434035909482e+01 7.932715904891153332e+04
-1.709601873536299621e+01 8.909481278584484244e+04
-1.706479313036690115e+01 9.872568617138086120e+04
-1.703356752537080254e+01 1.079485871760980808e+05
-1.700234192037470748e+01 1.165183891001232405e+05
-1.697111631537860887e+01 1.242259273455041402e+05
-1.693989071038251382e+01 1.309063454434806481e+05
-1.690866510538641876e+01 1.364455592945751268e+05
-1.687743950039032015e+01 1.407846566534445155e+05
-1.684621389539422154e+01 1.439222387804567697e+05
-1.681498829039812648e+01 1.462353162206441630e+05
-1.678376268540203142e+01 1.482082182896212325e+05
-1.675253708040593281e+01 1.499653914046402497e+05
-1.672131147540983420e+01 1.515075428660525358e+05
-1.669008587041373914e+01 1.528499669714925694e+05
-1.665886026541764409e+01 1.540193598080287920e+05
-1.662763466042154548e+01 1.549565929413887498e+05
-1.659640905542545042e+01 1.554111144594604848e+05
-1.656518345042935181e+01 1.552761663528608333e+05
-1.653395784543325675e+01 1.546885193820352433e+05
-1.650273224043715814e+01 1.537921601129211485e+05
-1.647150663544106308e+01 1.527295687006567314e+05
-1.644028103044496447e+01 1.516336349487979605e+05
-1.640905542544886941e+01 1.506204280630578869e+05
-1.637782982045277080e+01 1.497830812119476032e+05
-1.634660421545667575e+01 1.491870443884226261e+05
-1.631537861046057714e+01 1.488940851764025283e+05
-1.628415300546448208e+01 1.489882682454636670e+05
-1.625292740046838347e+01 1.495370772753400379e+05
-1.622170179547228841e+01 1.505705629635691002e+05
-1.619047619047618980e+01 1.521014047153864522e+05
-1.615925058548009474e+01 1.541267651733988896e+05
-1.612802498048399613e+01 1.565172497176269535e+05
-1.609679937548790107e+01 1.589154304908526829e+05
-1.606557377049180246e+01 1.609675609325920523e+05
-1.603434816549570741e+01 1.624417792524832184e+05
-1.600312256049960880e+01 1.631189606267907075e+05
-1.597189695550351374e+01 1.628039798197958153e+05
-1.594067135050741513e+01 1.613361171230236359e+05
-1.590944574551132007e+01 1.585981067135020276e+05
-1.587822014051522146e+01 1.545234169028535252e+05
-1.584699453551912640e+01 1.491014849217194133e+05
-1.581576893052302779e+01 1.424833973446672317e+05
-1.578454332552693273e+01 1.349085493965921050e+05
-1.575331772053083412e+01 1.265434139202205988e+05
-1.572209211553473907e+01 1.175392726561611780e+05
-1.569086651053864045e+01 1.080723186161312333e+05
-1.565964090554254540e+01 9.833879367460042704e+04
-1.562841530054644679e+01 8.851541891614810447e+04
-1.559718969555035173e+01 7.871948007424746174e+04
-1.556596409055425489e+01 6.913017685590723704e+04
-1.553473848555815806e+01 6.001768176810233854e+04
-1.550351288056206123e+01 5.164929135867795412e+04
-1.547228727556596439e+01 4.427827821270618006e+04
-1.544106167056986756e+01 3.813332943291444099e+04
-1.540983606557377072e+01 3.340898503568224987e+04
-1.537861046057767389e+01 3.025748281768866946e+04
-1.534738485558157706e+01 2.878236004089032940e+04
-1.531615925058548022e+01 2.903605997959751403e+04
-1.528493364558938339e+01 3.103471553983223566e+04
-1.525370804059328655e+01 3.477830484738748055e+04
-1.522248243559718972e+01 4.024873603488619847e+04
-1.519125683060109289e+01 4.741195338244009326e+04
-1.516003122560499605e+01 5.622100422268022521e+04
-1.512880562060889922e+01 6.651553823612318956e+04
-1.509758001561280238e+01 7.789178680279999389e+04
-1.506635441061670555e+01 8.989805043059031595e+04
-1.503512880562060872e+01 1.021793295122857671e+05
-1.500390320062451188e+01 1.143860790643960645e+05
-1.497267759562841505e+01 1.261879756964348635e+05
-1.494145199063231821e+01 1.372867069007483951e+05
-1.491022638563622138e+01 1.474272375707727624e+05
-1.487900078064012455e+01 1.564070659288561146e+05
-1.484777517564402771e+01 1.640830981667130254e+05
-1.481654957064793088e+01 1.704415055083412444e+05
-1.478532396565183404e+01 1.755317098764192779e+05
-1.475409836065573899e+01 1.793656504987695662e+05
-1.472287275565964038e+01 1.819709684418332763e+05
-1.469164715066354532e+01 1.834183890539497661e+05
-1.466042154566744671e+01 1.838182390767364413e+05
-1.462919594067135165e+01 1.833082171578827256e+05
-1.459797033567525304e+01 1.820500835852089804e+05
-1.456674473067915798e+01 1.802525147841885919e+05
-1.453551912568305937e+01 1.781535109446711722e+05
-1.450429352068696431e+01 1.759866095340433531e+05
-1.447306791569086570e+01 1.739689650168368826e+05
-1.444184231069477065e+01 1.722904694784744934e+05
-1.441061670569867204e+01 1.711043801887512382e+05
-1.437939110070257698e+01 1.705198885393890378e+05
-1.434816549570647837e+01 1.705969706426633347e+05
-1.431693989071038331e+01 1.713789685255972436e+05
-1.428571428571428470e+01 1.728370674583539367e+05
-1.425448868071818964e+01 1.748278935463866219e+05
-1.422326307572209103e+01 1.771650573360329727e+05
-1.419203747072599597e+01 1.796604797377899522e+05
-1.416081186572989736e+01 1.821293746581179439e+05
-1.412958626073380231e+01 1.843764351579468930e+05
-1.409836065573770369e+01 1.861693955273401807e+05
-1.406713505074160864e+01 1.872734258080964210e+05
-1.403590944574551003e+01 1.874901687363408273e+05
-1.400468384074941497e+01 1.866497413849227596e+05
-1.397345823575331814e+01 1.846204137658288819e+05
-1.394223263075722130e+01 1.813167208464463183e+05
-1.391100702576112447e+01 1.767056350688493694e+05
-1.387978142076502763e+01 1.708105655192637932e+05
-1.384855581576893080e+01 1.637131028022461105e+05
-1.381733021077283396e+01 1.558019924020167673e+05
-1.378610460577673713e+01 1.475201669070756179e+05
-1.375487900078064030e+01 1.390066789542655169e+05
-1.372365339578454346e+01 1.303126412792046758e+05
-1.369242779078844663e+01 1.215106770730207500e+05
-1.366120218579234979e+01 1.126909927380379522e+05
-1.362997658079625296e+01 1.039140497459162725e+05
-1.359875097580015613e+01 9.518784261237375904e+04
-1.356752537080405929e+01 8.663220876304723788e+04
-1.353629976580796246e+01 7.848225264495777083e+04
-1.350507416081186562e+01 7.096628062508386211e+04
-1.347384855581576879e+01 6.429593823884114681e+04
-1.344262295081967196e+01 5.865723624574864516e+04
-1.341139734582357512e+01 5.420277210995188216e+04
-1.338017174082747829e+01 5.104543649119174370e+04
-1.334894613583138145e+01 4.925386817780545971e+04
-1.331772053083528462e+01 4.885261892724384961e+04
-1.328649492583918779e+01 4.981526750594811165e+04
-1.325526932084309095e+01 5.206940926382491307e+04
-1.322404371584699412e+01 5.551069248017859354e+04
-1.319281811085089728e+01 6.000961418695094471e+04
-1.316159250585480223e+01 6.541586089128008462e+04
-1.313036690085870362e+01 7.154459819160056941e+04
-1.309914129586260856e+01 7.815529431157579529e+04
-1.306791569086650995e+01 8.499317587649461348e+04
-1.303669008587041489e+01 9.182646639262216922e+04
-1.300546448087431628e+01 9.843779647806650610e+04
-1.297423887587822122e+01 1.046334842048032442e+05
-1.294301327088212261e+01 1.102517450759606436e+05
-1.291178766588602755e+01 1.151695105514761672e+05
-1.288056206088992894e+01 1.193076471762740839e+05
-1.284933645589383389e+01 1.226345398973479460e+05
-1.281811085089773528e+01 1.254636204735584324e+05
-1.278688524590164022e+01 1.282248947073176096e+05
-1.275565964090554161e+01 1.310313715211106173e+05
-1.272443403590944655e+01 1.338809328886902658e+05
-1.269320843091334794e+01 1.367831981739306939e+05
-1.266198282591725288e+01 1.397573718689630041e+05
-1.263075722092115427e+01 1.427275996446670615e+05
-1.259953161592505921e+01 1.453927815570082748e+05
-1.256830601092896060e+01 1.475845846721424896e+05
-1.253708040593286555e+01 1.493989329685428529e+05
-1.250585480093676694e+01 1.509446954252604919e+05
-1.247462919594067188e+01 1.523358693744994816e+05
-1.244340359094457327e+01 1.536840378946789133e+05
-1.241217798594847821e+01 1.550912997876576264e+05
-1.238095238095238138e+01 1.566439313030198973e+05
-1.234972677595628454e+01 1.584070545329998131e+05
-1.231850117096018771e+01 1.604495084841023781e+05
-1.228727556596409087e+01 1.628675036037185055e+05
-1.225604996096799404e+01 1.657416774010419904e+05
-1.222482435597189721e+01 1.691167837931882532e+05
-1.219359875097580037e+01 1.730224516405008035e+05
-1.216237314597970354e+01 1.774740556829585694e+05
-1.213114754098360670e+01 1.823578637110514683e+05
-1.209992193598750987e+01 1.873234489412897383e+05
-1.206869633099141303e+01 1.920168121494138031e+05
-1.203747072599531620e+01 1.962007621775865264e+05
-1.200624512099921937e+01 1.996422943325792439e+05
-1.197501951600312253e+01 2.021235884060995013e+05
-1.194379391100702570e+01 2.034526039554825693e+05
-1.191256830601092886e+01 2.034727898919573636e+05
-1.188134270101483203e+01 2.020714401486724382e+05
-1.185011709601873520e+01 1.991863555566170835e+05
-1.181889149102263836e+01 1.948816611111238599e+05
-1.178766588602654153e+01 1.893056781269431813e+05
-1.175644028103044469e+01 1.825775050187327142e+05
-1.172521467603434786e+01 1.748205255433458951e+05
-1.169398907103825103e+01 1.661892979078261415e+05
-1.166276346604215419e+01 1.568654494642867649e+05
-1.163153786104605736e+01 1.470253437999016896e+05
-1.160031225604996052e+01 1.368052952391572762e+05
-1.156908665105386369e+01 1.263981359647765348e+05
-1.153786104605776686e+01 1.160787129333170014e+05
-1.150663544106167002e+01 1.061272504521683295e+05
-1.147540983606557319e+01 9.681824125873041339e+04
-1.144418423106947635e+01 8.840959577393296058e+04
-1.141295862607337952e+01 8.113246571315370966e+04
-1.138173302107728269e+01 7.518217679377706372e+04
-1.135050741608118585e+01 7.071064992016703764e+04
-1.131928181108508902e+01 6.782056958641772508e+04
-1.128805620608899218e+01 6.656267641354961961e+04
-1.125683060109289535e+01 6.695878179122682195e+04
-1.122560499609679852e+01 6.901530568257911364e+04
-1.119437939110070346e+01 7.272500788254418876e+04
-1.116315378610460662e+01 7.806923085517350410e+04
-1.113192818110850979e+01 8.494029724842670839e+04
-1.110070257611241296e+01 9.302643346468549862e+04
-1.106947697111631612e+01 1.019544305375394470e+05
-1.103825136612021929e+01 1.114145927167792979e+05
-1.100702576112412245e+01 1.210942729675076407e+05
-1.097580015612802562e+01 1.306908026728757250e+05
-1.094457455113192879e+01 1.399238049902396160e+05
-1.091334894613583195e+01 1.485463351193704875e+05
-1.088212334113973512e+01 1.563543930143136531e+05
-1.085089773614363828e+01 1.631944120934869861e+05
-1.081967213114754145e+01 1.690278482276676223e+05
-1.078844652615144462e+01 1.738734092658189766e+05
-1.075722092115534778e+01 1.777166854568710260e+05
-1.072599531615925095e+01 1.805586728750987677e+05
-1.069476971116315411e+01 1.824414852334942552e+05
-1.066354410616705728e+01 1.834460853408990079e+05
-1.063231850117096045e+01 1.836815997592546046e+05
-1.060109289617486361e+01 1.832821294219722040e+05
-1.056986729117876678e+01 1.824287969040259777e+05
-1.053864168618266994e+01 1.813346194141593005e+05
-1.050741608118657311e+01 1.802127961679314030e+05
-1.047619047619047628e+01 1.792653742211172939e+05
-1.044496487119437944e+01 1.786726561894894694e+05
-1.041373926619828261e+01 1.785838251327418257e+05
-1.038251366120218577e+01 1.791092095081743028e+05
-1.035128805620608894e+01 1.803145855956441374e+05
-1.032006245120999210e+01 1.822713357339424838e+05
-1.028883684621389527e+01 1.849848625052938878e+05
-1.025761124121779844e+01 1.883148581477552943e+05
-1.022638563622170160e+01 1.920600577238853439e+05
-1.019516003122560477e+01 1.960163451286695781e+05
-1.016393442622950793e+01 1.999814102405281155e+05
-1.013270882123341110e+01 2.037463671650646720e+05
-1.010148321623731427e+01 2.070853746236130246e+05
-1.007025761124121743e+01 2.097803226917307184e+05
-1.003903200624512060e+01 2.116413985830401361e+05
-1.000780640124902376e+01 2.125023191478713125e+05
-9.976580796252926930e+00 2.122292455839569448e+05
-9.945355191256830096e+00 2.107284633886687516e+05
-9.914129586260733262e+00 2.079524795341044082e+05
-9.882903981264636428e+00 2.039043159139020718e+05
-9.851678376268539594e+00 1.986399319334902102e+05
-9.820452771272442760e+00 1.925433091319911182e+05
-9.789227166276345926e+00 1.860635579732766782e+05
-9.758001561280249092e+00 1.793211250466082129e+05
-9.726775956284152258e+00 1.723358977631038870e+05
-9.695550351288055424e+00 1.651477666916359158e+05
-9.664324746291958590e+00 1.578135045735523454e+05
-9.633099141295861756e+00 1.503460113272661692e+05
-9.601873536299766698e+00 1.426712472031762300e+05
-9.570647931303669864e+00 1.348433013381005148e+05
-9.539422326307573030e+00 1.270733414649878250e+05
-9.508196721311476196e+00 1.195755697131795605e+05
-9.476971116315379362e+00 1.125580732859390846e+05
-9.445745511319282528e+00 1.062141800097319065e+05
-9.414519906323185694e+00 1.007145940085423936e+05
-9.383294301327088860e+00 9.620059175047183817e+04
-9.352068696330992026e+00 9.277854130645959231e+04
-9.320843091334895192e+00 9.051748631988378474e+04
-9.289617486338798358e+00 8.944143233016703743e+04
-9.258391881342701524e+00 8.953305456206624513e+04
-9.227166276346604690e+00 9.074424631365938694e+04
-9.195940671350507856e+00 9.300023841146739142e+04
-9.164715066354411022e+00 9.620251005736869411e+04
-9.133489461358314188e+00 1.002182531895619759e+05
-9.102263856362217354e+00 1.048625880277514516e+05
-9.071038251366120519e+00 1.099294330739661964e+05
-9.039812646370023685e+00 1.152221887102638429e+05
-9.008587041373926851e+00 1.205487834556853923e+05
-8.977361436377830017e+00 1.257303072291384742e+05
-8.946135831381733183e+00 1.306090193487877841e+05
-8.914910226385636349e+00 1.350554262612365710e+05
-8.883684621389539515e+00 1.389741877022979897e+05
-8.852459016393442681e+00 1.423087820810607518e+05
-8.821233411397345847e+00 1.453155183121795417e+05
-8.790007806401249013e+00 1.483778290318743093e+05
-8.758782201405152179e+00 1.516066297126207210e+05
-8.727556596409055345e+00 1.550077580132577859e+05
-8.696330991412958511e+00 1.585972362971063994e+05
-8.665105386416861677e+00 1.624000583381111210e+05
-8.633879781420764843e+00 1.663363568576664547e+05
-8.602654176424668009e+00 1.700614442329955054e+05
-8.571428571428571175e+00 1.733501349976086058e+05
-8.540202966432474341e+00 1.762654397670752078e+05
-8.508977361436377507e+00 1.788889380242926418e+05
-8.477751756440280673e+00 1.813138935036146140e+05
-8.446526151444183839e+00 1.836382999708159477e+05
-8.415300546448087005e+00 1.859580300315778004e+05
-8.384074941451990171e+00 1.883603407699638046e+05
-8.352849336455893337e+00 1.909180307346142363e+05
-8.321623731459796502e+00 1.937175931501763698e+05
-8.290398126463699668e+00 1.968818113497026497e+05
-8.259172521467602834e+00 2.005188280920991674e+05
-8.227946916471506000e+00 2.047013667502146855e+05
-8.196721311475409166e+00 2.094899511225359165e+05
-8.165495706479312332e+00 2.149327603079903638e+05
-8.134270101483215498e+00 2.209407517250801902e+05
-8.103044496487118664e+00 2.271687420005222666e+05
-8.071818891491021830e+00 2.332619910313615110e+05
-8.040593286494924996e+00 2.389838119607353001e+05
-8.009367681498829938e+00 2.440928043077833718e+05
-7.978142076502733104e+00 2.483535739666137379e+05
-7.946916471506636270e+00 2.515475215808892681e+05
-7.915690866510539436e+00 2.534831778058016207e+05
-7.884465261514442602e+00 2.540056305559310131e+05
-7.853239656518345768e+00 2.530046108635278069e+05
-7.822014051522248934e+00 2.504650858070481918e+05
-7.790788446526152100e+00 2.464497245646361262e+05
-7.759562841530055266e+00 2.410278844328477571e+05
-7.728337236533958432e+00 2.342911384866875305e+05
-7.697111631537861598e+00 2.263691862240398186e+05
-7.665886026541764764e+00 2.174264483749857754e+05
-7.634660421545667930e+00 2.076371629270268022e+05
-7.603434816549571096e+00 1.971570168517278798e+05
-7.572209211553474262e+00 1.861942560796528705e+05
-7.540983606557377428e+00 1.750294875295957318e+05
-7.509758001561280594e+00 1.639563780771699385e+05
-7.478532396565183760e+00 1.532704764760185790e+05
-7.447306791569086926e+00 1.432579664101848612e+05
-7.416081186572990092e+00 1.341847906070709578e+05
-7.384855581576893258e+00 1.262866115367183811e+05
-7.353629976580796423e+00 1.197600424934937328e+05
-7.322404371584699589e+00 1.147587943205518823e+05
-7.291178766588602755e+00 1.113697743745386251e+05
-7.259953161592505921e+00 1.096295597671615542e+05
-7.228727556596409087e+00 1.095575093042408116e+05
-7.197501951600312253e+00 1.111622326536003820e+05
-7.166276346604215419e+00 1.144431594042679499e+05
-7.135050741608118585e+00 1.193323704225713445e+05
-7.103825136612021751e+00 1.255926001281568897e+05
-7.072599531615924917e+00 1.329143303586004185e+05
-7.041373926619828083e+00 1.410230772755109938e+05
-7.010148321623731249e+00 1.496338354098598356e+05
-6.978922716627634415e+00 1.584633137933565013e+05
-6.947697111631537581e+00 1.672418827862873441e+05
-6.916471506635440747e+00 1.757246774884454499e+05
-6.885245901639343913e+00 1.837013807488768944e+05
-6.854020296643247079e+00 1.910042935372721986e+05
-6.822794691647150245e+00 1.975685763647112180e+05
-6.791569086651053411e+00 2.033805364615960571e+05
-6.760343481654956577e+00 2.083963666676625435e+05
-6.729117876658859743e+00 2.125877910792400362e+05
-6.697892271662762909e+00 2.159666691656616167e+05
-6.666666666666666075e+00 2.185839679924027878e+05
-6.635441061670569241e+00 2.205208351320303627e+05
-6.604215456674472406e+00 2.218852972870188823e+05
-6.572989851678375572e+00 2.228320103674312704e+05
-6.541764246682278738e+00 2.235492818398144736e+05
-6.510538641686181904e+00 2.242297005218132108e+05
-6.479313036690085070e+00 2.250592956298374629e+05
-6.448087431693988236e+00 2.262071897054390283e+05
-6.416861826697891402e+00 2.278162425250456436e+05
-6.385636221701796345e+00 2.299950930381083163e+05
-6.354410616705699510e+00 2.328120326325849746e+05
-6.323185011709602676e+00 2.363741333538400941e+05
-6.291959406713505842e+00 2.407360170197106490e+05
-6.260733801717409008e+00 2.457623459282190888e+05
-6.229508196721312174e+00 2.512298182245666976e+05
-6.198282591725215340e+00 2.569120438927602954e+05
-6.167056986729118506e+00 2.625841008663979592e+05
-6.135831381733021672e+00 2.680112781785010593e+05
-6.104605776736924838e+00 2.729531574668755638e+05
-6.073380171740828004e+00 2.771974426065504085e+05
-6.042154566744731170e+00 2.805640842154666898e+05
-6.010928961748634336e+00 2.828937394551692996e+05
-5.979703356752537502e+00 2.840558675522418343e+05
-5.948477751756440668e+00 2.839558612999868346e+05
-5.917252146760343834e+00 2.825408966017939383e+05
-5.886026541764247000e+00 2.798043014773977920e+05
-5.854800936768150166e+00 2.757884170096373418e+05
-5.823575331772053332e+00 2.709067577653261251e+05
-5.792349726775956498e+00 2.656533213521935977e+05
-5.761124121779859664e+00 2.601433969881663506e+05
-5.729898516783762830e+00 2.543700358080277510e+05
-5.698672911787665996e+00 2.483448691883232677e+05
-5.667447306791569162e+00 2.420956242905689287e+05
-5.636221701795472327e+00 2.355841165369967930e+05
-5.604996096799375493e+00 2.286312127913367585e+05
-5.573770491803278659e+00 2.212077488401327864e+05
-5.542544886807181825e+00 2.135009070511604659e+05
-5.511319281811084991e+00 2.057103254012521647e+05
-5.480093676814988157e+00 1.980397433030770626e+05
-5.448868071818891323e+00 1.906888337011825934e+05
-5.417642466822794489e+00 1.838454131822086929e+05
-5.386416861826697655e+00 1.776783039462947345e+05
-5.355191256830600821e+00 1.723311033608578728e+05
-5.323965651834503987e+00 1.679181541779412364e+05
-5.292740046838407153e+00 1.645159994632872986e+05
-5.261514441842310319e+00 1.621642072898678598e+05
-5.230288836846213485e+00 1.608724248201540322e+05
-5.199063231850116651e+00 1.606224266511752503e+05
-5.167837626854019817e+00 1.613695240237652324e+05
-5.136612021857922983e+00 1.630353412668787932e+05
-5.105386416861826149e+00 1.654947360593088088e+05
-5.074160811865729315e+00 1.685962203510486288e+05
-5.042935206869632481e+00 1.721847658525706502e+05
-5.011709601873535647e+00 1.761003386550630967e+05
-4.980483996877438813e+00 1.801856558664547338e+05
-4.949258391881341979e+00 1.842937513540378422e+05
-4.918032786885245145e+00 1.882950652552495885e+05
-4.886807181889148310e+00 1.920838292380534112e+05
-4.855581576893051476e+00 1.955836354548016097e+05
-4.824355971896954642e+00 1.990090137746602704e+05
-4.793130366900859585e+00 2.027183377353208489e+05
-4.761904761904762751e+00 2.068326582224416779e+05
-4.730679156908665917e+00 2.113736289655064465e+05
-4.699453551912569083e+00 2.163717900723025668e+05
-4.668227946916472249e+00 2.218664187670569518e+05
-4.637002341920375414e+00 2.277717707043689443e+05
-4.605776736924278580e+00 2.336636750683317950e+05
-4.574551131928181746e+00 2.392213620020900853e+05
-4.543325526932084912e+00 2.444594454014398507e+05
-4.512099921935988078e+00 2.494166734067101497e+05
-4.480874316939891244e+00 2.541503892495596665e+05
-4.449648711943794410e+00 2.587305829288401001e+05
-4.418423106947697576e+00 2.632336541062917095e+05
-4.387197501951600742e+00 2.677361290638979990e+05
-4.355971896955503908e+00 2.723086267025792622e+05
-4.324746291959407074e+00 2.770605361373205669e+05
-4.293520686963310240e+00 2.821658119995918823e+05
-4.262295081967213406e+00 2.877809572838159511e+05
-4.231069476971116572e+00 2.940201185767729767e+05
-4.199843871975019738e+00 3.009908256636638544e+05
-4.168618266978922904e+00 3.087926173308949801e+05
-4.137392661982826070e+00 3.173565037735737860e+05
-4.106167056986729236e+00 3.262964455347314943e+05
-4.074941451990632402e+00 3.352203165963024367e+05
-4.043715846994535568e+00 3.438824527457129443e+05
-4.012490241998438734e+00 3.520229514929581201e+05
-3.981264637002343676e+00 3.593782213234749506e+05
-3.950039032006245066e+00 3.656921864135415526e+05
-3.918813427010150008e+00 3.707275590341101051e+05
-3.887587822014051397e+00 3.742766921339157270e+05
-3.856362217017956340e+00 3.761714858677348820e+05
-3.825136612021857729e+00 3.763127824292946607e+05
-3.793911007025762672e+00 3.746700629306960618e+05
-3.762685402029664061e+00 3.712509468244588934e+05
-3.731459797033569004e+00 3.661067807434166316e+05
-3.700234192037470393e+00 3.593395323054840555e+05
-3.669008587041375336e+00 3.510988876385522308e+05
-3.637782982045276725e+00 3.415658725512670353e+05
-3.606557377049181667e+00 3.309332792664857116e+05
-3.575331772053083057e+00 3.194456761525121401e+05
-3.544106167056987999e+00 3.074090151797215221e+05
-3.512880562060889389e+00 2.951511045006224304e+05
-3.481654957064794331e+00 2.830097937128199846e+05
-3.450429352068695721e+00 2.713207616943586618e+05
-3.419203747072600663e+00 2.604054198201965773e+05
-3.387978142076502053e+00 2.505594176167534315e+05
-3.356752537080406995e+00 2.420422312755406310e+05
-3.325526932084308385e+00 2.350811280246903189e+05
-3.294301327088213327e+00 2.298202043307021668e+05
-3.263075722092114717e+00 2.263220709338089218e+05
-3.231850117096019659e+00 2.246281805375639815e+05
-3.200624512099921049e+00 2.247762389395911596e+05
-3.169398907103825991e+00 2.268014021521351533e+05
-3.138173302107727380e+00 2.306851542066542315e+05
-3.106947697111632323e+00 2.362490661696282623e+05
-3.075722092115533712e+00 2.432266973941018805e+05
-3.044496487119438655e+00 2.513692006646562950e+05
-3.013270882123340044e+00 2.604084075827345368e+05
-2.982045277127244987e+00 2.700689262362312875e+05
-2.950819672131146376e+00 2.800802040199563489e+05
-2.919594067135051318e+00 2.901880379805479897e+05
-2.888368462138952708e+00 3.001650009087759536e+05
-2.857142857142857650e+00 3.098193860861312132e+05
-2.825917252146759040e+00 3.190453571996157989e+05
-2.794691647150663982e+00 3.277802587610965129e+05
-2.763466042154565372e+00 3.359427323884770740e+05
-2.732240437158470314e+00 3.434739302996370243e+05
-2.701014832162371704e+00 3.503592359344849829e+05
-2.669789227166276646e+00 3.566290787642705254e+05
-2.638563622170178036e+00 3.623518998007869814e+05
-2.607338017174082978e+00 3.676220365824850742e+05
-2.576112412177984368e+00 3.725692314402173506e+05
-2.544886807181889310e+00 3.773546132025700063e+05
-2.513661202185790700e+00 3.821438216494860826e+05
-2.482435597189695642e+00 3.870963249647262273e+05
-2.451209992193597031e+00 3.923552157416981063e+05
-2.419984387197501974e+00 3.980380072330340045e+05
-2.388758782201406916e+00 4.042289073627325706e+05
-2.357533177205308306e+00 4.109730248787142336e+05
-2.326307572209213248e+00 4.184626854214208433e+05
-2.295081967213114638e+00 4.268935334953859565e+05
-2.263856362217019580e+00 4.361283871946805157e+05
-2.232630757220920970e+00 4.458525948059528600e+05
-2.201405152224825912e+00 4.557553450888642110e+05
-2.170179547228727301e+00 4.655353030097280862e+05
-2.138953942232632244e+00 4.748416627567060059e+05
-2.107728337236533633e+00 4.832912410677653970e+05
-2.076502732240438576e+00 4.906130445850926335e+05
-2.045277127244339965e+00 4.966375519495870103e+05
-2.014051522248244908e+00 5.012228593349925941e+05
-1.982825917252146297e+00 5.042613700413573533e+05
-1.951600312256051240e+00 5.056856573139205575e+05
-1.920374707259952629e+00 5.054732609907301376e+05
-1.889149102263857571e+00 5.036502896595135098e+05
-1.857923497267758961e+00 5.002939609233880183e+05
-1.826697892271663903e+00 4.960309003703678027e+05
-1.795472287275565293e+00 4.916051247899399605e+05
-1.764246682279470235e+00 4.871736890162989730e+05
-1.733021077283371625e+00 4.826955471565451589e+05
-1.701795472287276567e+00 4.781492384453749401e+05
-1.670569867291177957e+00 4.735301602276704507e+05
-1.639344262295082899e+00 4.687067585070599453e+05
-1.608118657298984289e+00 4.632619730130154639e+05
-1.576893052302889231e+00 4.569968862835720647e+05
-1.545667447306790621e+00 4.500868748004799709e+05
-1.514441842310695563e+00 4.427332835617021192e+05
-1.483216237314596953e+00 4.351562323091800790e+05
-1.451990632318501895e+00 4.275873738972272840e+05
-1.420765027322403284e+00 4.202626539591640467e+05
-1.389539422326308227e+00 4.134152205767348642e+05
-1.358313817330209616e+00 4.072687076718597673e+05
-1.327088212334114559e+00 4.020399668882354163e+05
-1.295862607338015948e+00 3.979258261769590899e+05
-1.264637002341920891e+00 3.950841023619556800e+05
-1.233411397345822280e+00 3.936401495464875479e+05
-1.202185792349727222e+00 3.936944281689692289e+05
-1.170960187353628612e+00 3.953230509354785900e+05
-1.139734582357533554e+00 3.985750554515416734e+05
-1.108508977361434944e+00 4.034699375784513541e+05
-1.077283372365339886e+00 4.100063540564266732e+05
-1.046057767369241276e+00 4.181685205919186701e+05
-1.014832162373146218e+00 4.279254247759721475e+05
-9.836065573770476078e-01 4.392356576285059564e+05
-9.523809523809525501e-01 4.520526761413720087e+05
-9.211553473848539397e-01 4.663303931788986083e+05
-8.899297423887588820e-01 4.820290753300382057e+05
-8.587041373926602716e-01 4.991218063283582451e+05
-8.274785323965652140e-01 5.181052421673093922e+05
-7.962529274004701563e-01 5.398873899815342156e+05
-7.650273224043715459e-01 5.650882947154180147e+05
-7.338017174082764882e-01 5.942329563203931320e+05
-7.025761124121778778e-01 6.279941322707897052e+05
-6.713505074160828201e-01 6.672538392573380843e+05
-6.401249024199842097e-01 7.126575010094743920e+05
-6.088992974238891520e-01 7.635210127559716348e+05
-5.776736924277905416e-01 8.194665093326068018e+05
-5.464480874316954839e-01 8.821187864948932547e+05
-5.152224824355968735e-01 9.551882083019565325e+05
-4.839968774395018158e-01 1.019816903456886765e+06
-4.527712724434032054e-01 1.028422447354511125e+06
-4.215456674473081478e-01 1.015427314640948200e+06
-3.903200624512095374e-01 1.019641244915496442e+06
-3.590944574551144797e-01 1.034138622644792777e+06
-3.278688524590158693e-01 1.054656465020219795e+06
-2.966432474629208116e-01 1.077714649534775876e+06
-2.654176424668222012e-01 1.100120386135020293e+06
-2.341920374707271435e-01 1.119157002174205147e+06
-2.029664324746285331e-01 1.132636555779425427e+06
-1.717408274785334754e-01 1.138851163780461997e+06
-1.405152224824348650e-01 1.136550806773322634e+06
-1.092896174863398073e-01 1.124930787514704978e+06
-7.806401249024119693e-02 1.103620160343512427e+06
-4.683840749414613924e-02 1.072666295044134604e+06
-1.561280249804752884e-02 1.032513035872669541e+06
1.561280249804752884e-02 9.839712213472449221e+05
4.683840749414613924e-02 9.281813149804526474e+05
7.806401249024119693e-02 8.665687198969756719e+05
1.092896174863398073e-01 8.007929593520669732e+05
1.405152224824348650e-01 7.326928352074588183e+05
1.717408274785334754e-01 6.662073709833321627e+05
2.029664324746285331e-01 6.049111460579240229e+05
2.341920374707271435e-01 5.494130538739394397e+05
2.654176424668222012e-01 4.995144786535909516e+05
2.966432474629208116e-01 4.551071699712260161e+05
3.278688524590158693e-01 4.161439827515131328e+05
3.590944574551144797e-01 3.824413803103438113e+05
3.903200624512095374e-01 3.537035160474525765e+05
4.215456674473081478e-01 3.302282025921336608e+05
4.527712724434032054e-01 3.126653698752874043e+05
4.839968774395018158e-01 3.014398450177709456e+05
5.152224824355968735e-01 2.967234900129336747e+05
5.464480874316954839e-01 2.984244127925635548e+05
5.776736924277905416e-01 3.061888075944180018e+05
6.088992974238891520e-01 3.194151151026694570e+05
6.401249024199842097e-01 3.372797503483400214e+05
6.713505074160828201e-01 3.587731477929034736e+05
7.025761124121778778e-01 3.827443991997309495e+05
7.338017174082764882e-01 4.079524422343011247e+05
7.650273224043715459e-01 4.331213885137063335e+05
7.962529274004666036e-01 4.569974138395538321e+05
8.274785323965652140e-01 4.784046066495715058e+05
8.587041373926602716e-01 4.962971794948856696e+05
8.899297423887588820e-01 5.098056315894174622e+05
9.211553473848539397e-01 5.182747362176108873e+05
9.523809523809525501e-01 5.212916329794063349e+05
9.836065573770476078e-01 5.187027354548858711e+05
1.014832162373146218e+00 5.106187316138781607e+05
1.046057767369241276e+00 4.974075385614098050e+05
1.077283372365339886e+00 4.796756119702487485e+05
1.108508977361434944e+00 4.582387845502925338e+05
1.139734582357533554e+00 4.341814986631829524e+05
1.170960187353628612e+00 4.099184401019735960e+05
1.202185792349727222e+00 3.875366582691261428e+05
1.233411397345822280e+00 3.673971368773281574e+05
1.264637002341920891e+00 3.494731180495223962e+05
1.295862607338015948e+00 3.337650571493416210e+05
1.327088212334114559e+00 3.202960685748640681e+05
1.358313817330209616e+00 3.089489014450503746e+05
1.389539422326308227e+00 2.993275965198184131e+05
1.420765027322403284e+00 2.913539111116823042e+05
1.451990632318501895e+00 2.853184509989736252e+05
1.483216237314596953e+00 2.814186132257389836e+05
1.514441842310695563e+00 2.797384374253565911e+05
1.545667447306790621e+00 2.802432272361817886e+05
1.576893052302889231e+00 2.827803294145872351e+05
1.608118657298984289e+00 2.870858987487478880e+05
1.639344262295082899e+00 2.927972408871653024e+05
1.670569867291177957e+00 2.994701017865192844e+05
1.701795472287276567e+00 3.066000788994152099e+05
1.733021077283371625e+00 3.136471210063532926e+05
1.764246682279470235e+00 3.200619454850075417e+05
1.795472287275565293e+00 3.253131074012299068e+05
1.826697892271663903e+00 3.289134461545336526e+05
1.857923497267758961e+00 3.304446520116775064e+05
1.889149102263857571e+00 3.295787618741575861e+05
1.920374707259952629e+00 3.260955664801276289e+05
1.951600312256051240e+00 3.198950914191934280e+05
1.982825917252146297e+00 3.110045426435123081e+05
2.014051522248244908e+00 2.995793763533469173e+05
2.045277127244339965e+00 2.858984175923545263e+05
2.076502732240438576e+00 2.703532689878910314e+05
2.107728337236533633e+00 2.534325517748871935e+05
2.138953942232632244e+00 2.358467787919498805e+05
2.170179547228727301e+00 2.189572168293543800e+05
2.201405152224825912e+00 2.036642096933604334e+05
2.232630757220920970e+00 1.899867212990250846e+05
2.263856362217019580e+00 1.778960196138889878e+05
2.295081967213114638e+00 1.673678034651751514e+05
2.326307572209213248e+00 1.583799756908648997e+05
2.357533177205308306e+00 1.509009322662687046e+05
2.388758782201403363e+00 1.448159626990681863e+05
2.419984387197501974e+00 1.401232093820625742e+05
2.451209992193597031e+00 1.369629718535626016e+05
2.482435597189695642e+00 1.354403532970728411e+05
2.513661202185790700e+00 1.355982611490562849e+05
2.544886807181889310e+00 1.374147381886590738e+05
2.576112412177984368e+00 1.408032669387691421e+05
2.607338017174082978e+00 1.456160030024791486e+05
2.638563622170178036e+00 1.516497754050252261e+05
2.669789227166276646e+00 1.586545721148498997e+05
2.701014832162371704e+00 1.663441205618007807e+05
2.732240437158470314e+00 1.744080772969716345e+05
2.763466042154565372e+00 1.825252675312208594e+05
2.794691647150663982e+00 1.903773737615701975e+05
2.825917252146759040e+00 1.976624505413471779e+05
2.857142857142857650e+00 2.041076447983099206e+05
2.888368462138952708e+00 2.094805472165266692e+05
2.919594067135051318e+00 2.135986720222027507e+05
2.950819672131146376e+00 2.163366406100175227e+05
2.982045277127244987e+00 2.176307483801421477e+05
3.013270882123340044e+00 2.174807290292570833e+05
3.044496487119438655e+00 2.159486682357052632e+05
3.075722092115533712e+00 2.131551538156302413e+05
3.106947697111632323e+00 2.092728963406095281e+05
3.138173302107727380e+00 2.045984513712309417e+05
3.169398907103825991e+00 1.997952068076129071e+05
3.200624512099921049e+00 1.953290982798829209e+05
3.231850117096019659e+00 1.912291911767939746e+05
3.263075722092114717e+00 1.875170299945067381e+05
3.294301327088213327e+00 1.842208475279409031e+05
3.325526932084308385e+00 1.813756795772628393e+05
3.356752537080406995e+00 1.790198484819431324e+05
3.387978142076502053e+00 1.770096903154013562e+05
3.419203747072600663e+00 1.751830484994585568e+05
3.450429352068695721e+00 1.735636922501097142e+05
3.481654957064794331e+00 1.721929431362339819e+05
3.512880562060889389e+00 1.710892147673585569e+05
3.544106167056987999e+00 1.702466152466364147e+05
3.575331772053083057e+00 1.696349534140113974e+05
3.606557377049181667e+00 1.692011152910727542e+05
3.637782982045276725e+00 1.688717228373977123e+05
3.669008587041375336e+00 1.685569401668842474e+05
3.700234192037470393e+00 1.681552404167696368e+05
3.731459797033569004e+00 1.675588957174554234e+05
3.762685402029664061e+00 1.666599204046277155e+05
3.793911007025762672e+00 1.653561775654822995e+05
3.825136612021857729e+00 1.635573500887955015e+05
3.856362217017956340e+00 1.611904813428527559e+05
3.887587822014051397e+00 1.582048083390500396e+05
3.918813427010150008e+00 1.545756448336992180e+05
3.950039032006245066e+00 1.503071171470828122e+05
3.981264637002340123e+00 1.454336059930833289e+05
4.012490241998438734e+00 1.400198094716231572e+05
4.043715846994533791e+00 1.341594130035705166e+05
4.074941451990632402e+00 1.279724215136267449e+05
4.106167056986727459e+00 1.216012881310502707e+05
4.137392661982826070e+00 1.152122269362260558e+05
4.168618266978921127e+00 1.091529749737750681e+05
4.199843871975019738e+00 1.037238652275171335e+05
4.231069476971114796e+00 9.896838136328870314e+04
4.262295081967213406e+00 9.486629896727751475e+04
4.293520686963308464e+00 9.140190541536947421e+04
4.324746291959407074e+00 8.856228221941704396e+04
4.355971896955502132e+00 8.632369992020563222e+04
4.387197501951600742e+00 8.465404940233606612e+04
4.418423106947695800e+00 8.356511307193373796e+04
4.449648711943794410e+00 8.309495619549197727e+04
4.480874316939889468e+00 8.326560365227295551e+04
4.512099921935988078e+00 8.408097610422922298e+04
4.543325526932083136e+00 8.552627862978122721e+04
4.574551131928181746e+00 8.756817999790163594e+04
4.605776736924276804e+00 9.015576066245016409e+04
4.637002341920375414e+00 9.322218209858174669e+04
4.668227946916470472e+00 9.668700106705463259e+04
4.699453551912569083e+00 1.004590257386733720e+05
4.730679156908664140e+00 1.044395892598558712e+05
4.761904761904762751e+00 1.085260977957388241e+05
4.793130366900857808e+00 1.126156979870102368e+05
4.824355971896956419e+00 1.166089052382051595e+05
4.855581576893051476e+00 1.204130386134098371e+05
4.886807181889150087e+00 1.239453175943769165e+05
4.918032786885245145e+00 1.271354906938106287e+05
4.949258391881343755e+00 1.299278903722668183e+05
4.980483996877438813e+00 1.322828383646369912e+05
5.011709601873537423e+00 1.341773577654744149e+05
5.042935206869632481e+00 1.356051820932446863e+05
5.074160811865731091e+00 1.365760920835569268e+05
5.105386416861826149e+00 1.371146630490807875e+05
5.136612021857924759e+00 1.372618823797233636e+05
5.167837626854019817e+00 1.372041099320633220e+05
5.199063231850118427e+00 1.371465049828139017e+05
5.230288836846213485e+00 1.371343334291461506e+05
5.261514441842312095e+00 1.371654047601609491e+05
5.292740046838407153e+00 1.372440926391435787e+05
5.323965651834505763e+00 1.373815425969737698e+05
5.355191256830600821e+00 1.375601022892720066e+05
5.386416861826699432e+00 1.376484650460179255e+05
5.417642466822794489e+00 1.375304037734415615e+05
5.448868071818893100e+00 1.371989170085334044e+05
5.480093676814988157e+00 1.366535660545423161e+05
5.511319281811086768e+00 1.358917184868660697e+05
5.542544886807181825e+00 1.349082149564030115e+05
5.573770491803280436e+00 1.336953972982323612e+05
5.604996096799375493e+00 1.322434685820792220e+05
5.636221701795470551e+00 1.305411465072615247e+05
5.667447306791569162e+00 1.285765651426682889e+05
5.698672911787664219e+00 1.263383770792894938e+05
5.729898516783762830e+00 1.238169953977809928e+05
5.761124121779857887e+00 1.210059040734341834e+05
5.792349726775956498e+00 1.179029623838624975e+05
5.823575331772051555e+00 1.145116326158165757e+05
5.854800936768150166e+00 1.108420624632222462e+05
5.886026541764245223e+00 1.069119529187064181e+05
5.917252146760343834e+00 1.027471549895112985e+05
5.948477751756438892e+00 9.838195464244032337e+04
5.979703356752537502e+00 9.385901618066776427e+04
6.010928961748632560e+00 8.922896785230419482e+04
6.042154566744731170e+00 8.454963121966816834e+04
6.073380171740826228e+00 7.988491933052975219e+04
6.104605776736924838e+00 7.530344780461753544e+04
6.135831381733019896e+00 7.089678478467123932e+04
6.167056986729118506e+00 6.682419437650209875e+04
6.198282591725213564e+00 6.317957074828844634e+04
6.229508196721312174e+00 5.995783449014708458e+04
6.260733801717407232e+00 5.715456178400939098e+04
6.291959406713505842e+00 5.476586514643789997e+04
6.323185011709600900e+00 5.278778795635020651e+04
6.354410616705699510e+00 5.121571063183806837e+04
6.385636221701794568e+00 5.003283151358127361e+04
6.416861826697893179e+00 4.923199486981956579e+04
6.448087431693988236e+00 4.882283444002183387e+04
6.479313036690086847e+00 4.881161596585049119e+04
6.510538641686181904e+00 4.919784596805649926e+04
6.541764246682280515e+00 4.997410229763445386e+04
6.572989851678375572e+00 5.112608349949996773e+04
6.604215456674474183e+00 5.263287280887085944e+04
6.635441061670569241e+00 5.446740479248666088e+04
6.666666666666667851e+00 5.659711568117031857e+04
6.697892271662762909e+00 5.898475320092844777e+04
6.729117876658861519e+00 6.158931505710253987e+04
6.760343481654956577e+00 6.436707922005579894e+04
6.791569086651055187e+00 6.727268776742219052e+04
6.822794691647150245e+00 7.026024624422495253e+04
6.854020296643248855e+00 7.328439870305453951e+04
6.885245901639343913e+00 7.630133911538319080e+04
6.916471506635442523e+00 7.926972642267034098e+04
6.947697111631537581e+00 8.215147765464804252e+04
6.978922716627636191e+00 8.491241739469542517e+04
7.010148321623731249e+00 8.752276779653872654e+04
7.041373926619829859e+00 8.995747572646083427e+04
7.072599531615924917e+00 9.219638651449562167e+04
7.103825136612023528e+00 9.422428406537587580e+04
7.135050741608118585e+00 9.604648486454054364e+04
7.166276346604217196e+00 9.774679174109055020e+04
7.197501951600312253e+00 9.939598240921850083e+04
7.228727556596407311e+00 1.009923845431118971e+05
7.259953161592505921e+00 1.025357318271995755e+05
7.291178766588600979e+00 1.040302072445521480e+05
7.322404371584699589e+00 1.054850788104506209e+05
7.353629976580794647e+00 1.069041611388818710e+05
7.384855581576893258e+00 1.081884629917023412e+05
7.416081186572988315e+00 1.092143164943768352e+05
7.447306791569086926e+00 1.099504644412748748e+05
7.478532396565181983e+00 1.103837175712272583e+05
7.509758001561280594e+00 1.105036860114249866e+05
7.540983606557375651e+00 1.103027345596114319e+05
7.572209211553474262e+00 1.097760049754735956e+05
7.603434816549569319e+00 1.089214918357683782e+05
7.634660421545667930e+00 1.077401570199513808e+05
7.665886026541762988e+00 1.062360692060080473e+05
7.697111631537861598e+00 1.044165585525899805e+05
7.728337236533956656e+00 1.022923734908663610e+05
7.759562841530055266e+00 9.987782267516413413e+04
7.790788446526150324e+00 9.719088596929298365e+04
7.822014051522248934e+00 9.425328096255552373e+04
7.853239656518343992e+00 9.109047169830497296e+04
7.884465261514442602e+00 8.773160539480610169e+04
7.915690866510537660e+00 8.420936682401856524e+04
7.946916471506636270e+00 8.055974442955164704e+04
7.978142076502731328e+00 7.682170492560422281e+04
8.009367681498829938e+00 7.303677691606621374e+04
8.040593286494924996e+00 6.924854801682883408e+04
8.071818891491023606e+00 6.550208746200928726e+04
8.103044496487118664e+00 6.184331530315281998e+04
8.134270101483217275e+00 5.832105750522689777e+04
8.165495706479312332e+00 5.502743963481260289e+04
8.196721311475410943e+00 5.203763553185494675e+04
8.227946916471506000e+00 4.936099651880720194e+04
8.259172521467604611e+00 4.699271324726301827e+04
8.290398126463699668e+00 4.492940425002615666e+04
8.321623731459798279e+00 4.316836607094794454e+04
8.352849336455893337e+00 4.170364499575434456e+04
8.384074941451991947e+00 4.052380409110990149e+04
8.415300546448087005e+00 3.962770279975062294e+04
8.446526151444185615e+00 3.902363986294634378e+04
8.477751756440280673e+00 3.871685192953899968e+04
8.508977361436379283e+00 3.870876122364472394e+04
8.540202966432474341e+00 3.899688139514467184e+04
8.571428571428572951e+00 3.957481428349001362e+04
8.602654176424668009e+00 4.043233261740331363e+04
8.633879781420766619e+00 4.155554358182931173e+04
8.665105386416861677e+00 4.292712663488931139e+04
8.696330991412960287e+00 4.452663737942557782e+04
8.727556596409055345e+00 4.633086833474531886e+04
8.758782201405153955e+00 4.831425622776005184e+04
8.790007806401249013e+00 5.044932398633279809e+04
8.821233411397344071e+00 5.270714558480177948e+04
8.852459016393442681e+00 5.505782235031973687e+04
8.883684621389537739e+00 5.747095925910972437e+04
8.914910226385636349e+00 5.991613056415753090e+04
8.946135831381731407e+00 6.236332636700732837e+04
8.977361436377830017e+00 6.478337376716558356e+04
9.008587041373925075e+00 6.714832795390591491e+04
9.039812646370023685e+00 6.943183260962984059e+04
9.071038251366118743e+00 7.160945470775250578e+04
9.102263856362217354e+00 7.365900665569571720e+04
9.133489461358312411e+00 7.556446333136747126e+04
9.164715066354411022e+00 7.736817219602351543e+04
9.195940671350506079e+00 7.912960694359129411e+04
9.227166276346604690e+00 8.085736922418282484e+04
9.258391881342699747e+00 8.254810539924436307e+04
9.289617486338798358e+00 8.420264230417448562e+04
9.320843091334893415e+00 8.582654375800603884e+04
9.352068696330992026e+00 8.741253421761700884e+04
9.383294301327087084e+00 8.886547330918899388e+04
9.414519906323185694e+00 9.007804905918674194e+04
9.445745511319280752e+00 9.102067737922118977e+04
9.476971116315379362e+00 9.167645508949525538e+04
9.508196721311474420e+00 9.203203230212093331e+04
9.539422326307573030e+00 9.207766187354672002e+04
9.570647931303668088e+00 9.180726085993915331e+04
9.601873536299766698e+00 9.121846927729522577e+04
9.633099141295861756e+00 9.031269488392089261e+04
9.664324746291960366e+00 8.909513402391999261e+04
9.695550351288055424e+00 8.757476372703311790e+04
9.726775956284154034e+00 8.576430215126223629e+04
9.758001561280249092e+00 8.368013272747836891e+04
9.789227166276347702e+00 8.134218672546849120e+04
9.820452771272442760e+00 7.877378177469148068e+04
9.851678376268541371e+00 7.600141612529345730e+04
9.882903981264636428e+00 7.305451734609631239e+04
9.914129586260735039e+00 6.996514450307853986e+04
9.945355191256830096e+00 6.676764560374444409e+04
9.976580796252928707e+00 6.349827484536649717e+04
1.000780640124902376e+01 6.019477467143724789e+04
1.003903200624512237e+01 5.689592699090593669e+04
1.007025761124121743e+01 5.364108260398840503e+04
1.010148321623731604e+01 5.046968440546786587e+04
1.013270882123341110e+01 4.742895119285711553e+04
1.016393442622950971e+01 4.460255536855765240e+04
1.019516003122560477e+01 4.204574702228634123e+04
1.022638563622170338e+01 3.975946210680536751e+04
1.025761124121779844e+01 3.774143423544667894e+04
1.028883684621389705e+01 3.599026691730723542e+04
1.032006245120999210e+01 3.450485183049260377e+04
1.035128805620609072e+01 3.328261545253036456e+04
1.038251366120218577e+01 3.231218295069164014e+04
1.041373926619828083e+01 3.158822741662651242e+04
1.044496487119437944e+01 3.111708462114571375e+04
1.047619047619047450e+01 3.090398864707023313e+04
1.050741608118657311e+01 3.095128393595534726e+04
1.053864168618266817e+01 3.125833490676067595e+04
1.056986729117876678e+01 3.182148864569963916e+04
1.060109289617486183e+01 3.263408802092529368e+04
1.063231850117096045e+01 3.368653289301817131e+04
1.066354410616705550e+01 3.496638653773203259e+04
1.069476971116315411e+01 3.645852461386188224e+04
1.072599531615924917e+01 3.814532384838223516e+04
1.075722092115534778e+01 4.000688626910276071e+04
1.078844652615144284e+01 4.202129429398430511e+04
1.081967213114754145e+01 4.416489301668341068e+04
1.085089773614363651e+01 4.641259575258868426e+04
1.088212334113973512e+01 4.873820727049190464e+04
1.091334894613583018e+01 5.111475960439394839e+04
1.094457455113192879e+01 5.351485773794560373e+04
1.097580015612802384e+01 5.591103262021416595e+04
1.100702576112412245e+01 5.827609758686696296e+04
1.103825136612021751e+01 6.058350677040118171e+04
1.106947697111631612e+01 6.280771892510601174e+04
1.110070257611241118e+01 6.492457392431639892e+04
1.113192818110850979e+01 6.691840155206961208e+04
1.116315378610460485e+01 6.882174979017657461e+04
1.119437939110070346e+01 7.067388305918691913e+04
1.122560499609679852e+01 7.247491405478279921e+04
1.125683060109289713e+01 7.422231322966801235e+04
1.128805620608899218e+01 7.591728117429561098e+04
1.131928181108509079e+01 7.756536726748003275e+04
1.135050741608118585e+01 7.916471229427904473e+04
1.138173302107728446e+01 8.063133961260365322e+04
1.141295862607337952e+01 8.186213098115145112e+04
1.144418423106947813e+01 8.282544455687988375e+04
1.147540983606557319e+01 8.350355744573968695e+04
1.150663544106167180e+01 8.388239724533216213e+04
1.153786104605776686e+01 8.395163402421574574e+04
1.156908665105386547e+01 8.370476227800299239e+04
1.160031225604996052e+01 8.313916124498829595e+04
1.163153786104605913e+01 8.225612623902547057e+04
1.166276346604215419e+01 8.106086385262536351e+04
1.169398907103825280e+01 7.956244756373579730e+04
1.172521467603434786e+01 7.777373366101365536e+04
1.175644028103044647e+01 7.571123724205733743e+04
1.178766588602654153e+01 7.339496673091982666e+04
1.181889149102264014e+01 7.084821689299942227e+04
1.185011709601873520e+01 6.809732284974824870e+04
1.188134270101483381e+01 6.517137787878049130e+04
1.191256830601092886e+01 6.210191684967254696e+04
1.194379391100702748e+01 5.892256771998811018e+04
1.197501951600312253e+01 5.566867664363117365e+04
1.200624512099921759e+01 5.237691332963993773e+04
1.203747072599531265e+01 4.908486149735055369e+04
1.206869633099141481e+01 4.583060177977928106e+04
1.209992193598750987e+01 4.265230112858919892e+04
1.213114754098360493e+01 3.959280830906413030e+04
1.216237314597969998e+01 3.673259369141364004e+04
1.219359875097580215e+01 3.413314471162149857e+04
1.222482435597189721e+01 3.180098315082078989e+04
1.225604996096799226e+01 2.973445910247282882e+04
1.228727556596408732e+01 2.793296945719195719e+04
1.231850117096018948e+01 2.639631447675469462e+04
1.234972677595628454e+01 2.512141480652769678e+04
1.238095238095237960e+01 2.409555233176319598e+04
1.241217798594847466e+01 2.331367088224104009e+04
1.244340359094457682e+01 2.278355455065043498e+04
1.247462919594067188e+01 2.251181879104990003e+04
1.250585480093676694e+01 2.250243310125501739e+04
1.253708040593286199e+01 2.275660660257874406e+04
1.256830601092896416e+01 2.327272000297799605e+04
1.259953161592505921e+01 2.404630033930398349e+04
1.263075722092115427e+01 2.507003660939386464e+04
1.266198282591724933e+01 2.633383448736438731e+04
1.269320843091335149e+01 2.782490829245350324e+04
1.272443403590944655e+01 2.952790867133990832e+04
1.275565964090554161e+01 3.142508414902069489e+04
1.278688524590163667e+01 3.349647397270225338e+04
1.281811085089773883e+01 3.572012986073789943e+04
1.284933645589383389e+01 3.807236446732956392e+04
1.288056206088992894e+01 4.052802361068515893e+04
1.291178766588602400e+01 4.306077893659260735e+04
1.294301327088212616e+01 4.564343875873371144e+04
1.297423887587822122e+01 4.824827536403875274e+04
1.300546448087431628e+01 5.084736643158746301e+04
1.303669008587041134e+01 5.341294950694296131e+04
1.306791569086651350e+01 5.591779177185508161e+04
1.309914129586260856e+01 5.833558166485491529e+04
1.313036690085870362e+01 6.064526798602341296e+04
1.316159250585479867e+01 6.286739705416516517e+04
1.319281811085090084e+01 6.503480380273144692e+04
1.322404371584699589e+01 6.714756127807890880e+04
1.325526932084309095e+01 6.920058956850106188e+04
1.328649492583918601e+01 7.119242311953211902e+04
1.331772053083528817e+01 7.312582771470726584e+04
1.334894613583138323e+01 7.499511057786190941e+04
1.338017174082747829e+01 7.671945488369712257e+04
1.341139734582357335e+01 7.820207426777866203e+04
1.344262295081967551e+01 7.941099362049525371e+04
1.347384855581577057e+01 8.032629940585457371e+04
1.350507416081186562e+01 8.093168546767235966e+04
1.353629976580796068e+01 8.121458372603627504e+04
1.356752537080406285e+01 8.116628206075367052e+04
1.359875097580015790e+01 8.078201696700882167e+04
1.362997658079625296e+01 8.006103471427974000e+04
1.366120218579234802e+01 7.900661456099737552e+04
1.369242779078844308e+01 7.762604918331390945e+04
1.372365339578454524e+01 7.593058182797944755e+04
1.375487900078064030e+01 7.393530132634799520e+04
1.378610460577673535e+01 7.165899400375659752e+04
1.381733021077283041e+01 6.912395155342049839e+04
1.384855581576893258e+01 6.635573736614103836e+04
1.387978142076502763e+01 6.338291563422408944e+04
1.391100702576112269e+01 6.023674534897168633e+04
1.394223263075721775e+01 5.695084082874551677e+04
1.397345823575331991e+01 5.356080454994323372e+04
1.400468384074941497e+01 5.010383987132528273e+04
1.403590944574551003e+01 4.661834885690112424e+04
1.406713505074160508e+01 4.314352154368226184e+04
1.409836065573770725e+01 3.971893011692879372e+04
1.412958626073380231e+01 3.639093446070910431e+04
1.416081186572989736e+01 3.324562814705554047e+04
1.419203747072599242e+01 3.034692092121548922e+04
1.422326307572209458e+01 2.770269116482029494e+04
1.425448868071818964e+01 2.531480264174219337e+04
1.428571428571428470e+01 2.318608821504258958e+04
1.431693989071037976e+01 2.131971651152952109e+04
1.434816549570648192e+01 1.971605521657544523e+04
1.437939110070257698e+01 1.836261890111404864e+04
1.441061670569867204e+01 1.725377728477503842e+04
1.444184231069476709e+01 1.639982443667844927e+04
1.447306791569086926e+01 1.581063396247291894e+04
1.450429352068696431e+01 1.549352783938840184e+04
1.453551912568305937e+01 1.545312373717871924e+04
1.456674473067915443e+01 1.569122636354992937e+04
1.459797033567525659e+01 1.620675931837100688e+04
1.462919594067135165e+01 1.699573606086028667e+04
1.466042154566744671e+01 1.805126884547466034e+04
1.469164715066354177e+01 1.936361442104640082e+04
1.472287275565964393e+01 2.092025564835806290e+04
1.475409836065573899e+01 2.270601803808286058e+04
1.478532396565183404e+01 2.470321951653190627e+04
1.481654957064792910e+01 2.689185174748966892e+04
1.484777517564403126e+01 2.924979157750200829e+04
1.487900078064012632e+01 3.175304050448295311e+04
1.491022638563622138e+01 3.437598946358427202e+04
1.494145199063231644e+01 3.709170690679868130e+04
1.497267759562841860e+01 3.987224877995574207e+04
1.500390320062451366e+01 4.268898845530662948e+04
1.503512880562060872e+01 4.551296515080289100e+04
1.506635441061670377e+01 4.831525201366137480e+04
1.509758001561280594e+01 5.106734906158772355e+04
1.512880562060890099e+01 5.374577454171233694e+04
1.516003122560499605e+01 5.636286678775262408e+04
1.519125683060109111e+01 5.894060402682238055e+04
1.522248243559718617e+01 6.147378068062495731e+04
1.525370804059328833e+01 6.395443445982800768e+04
1.528493364558938339e+01 6.637793674579696381e+04
1.531615925058547845e+01 6.874364773588164826e+04
1.534738485558157350e+01 7.104427762826241087e+04
1.537861046057767567e+01 7.320238334427638620e+04
1.540983606557377072e+01 7.512290597431584320e+04
1.544106167056986578e+01 7.677051481873761804e+04
1.547228727556596084e+01 7.812165093474877358e+04
1.550351288056206300e+01 7.915626441372919362e+04
1.553473848555815806e+01 7.985799302434670972e+04
1.556596409055425312e+01 8.021432517472939799e+04
1.559718969555034818e+01 8.021673506558462395e+04
1.562841530054645034e+01 7.986078465223638341e+04
1.565964090554254540e+01 7.914618690693232929e+04
1.569086651053864045e+01 7.807682511550975323e+04
1.572209211553473551e+01 7.666072689537823317e+04
1.575331772053083768e+01 7.490999439084679761e+04
1.578454332552693273e+01 7.284069027553660271e+04
1.581576893052302779e+01 7.047267807666840963e+04
1.584699453551912285e+01 6.782941858290598611e+04
1.587822014051522501e+01 6.493772693949380482e+04
1.590944574551132007e+01 6.182749290906092210e+04
1.594067135050741513e+01 5.853136538391514478e+04
1.597189695550351018e+01 5.508440614909619035e+04
1.600312256049961235e+01 5.152372067648504162e+04
1.603434816549570741e+01 4.788807178959482553e+04
1.606557377049180246e+01 4.421748243199162243e+04
1.609679937548789752e+01 4.055284085754016269e+04
1.612802498048399968e+01 3.694187096523230866e+04
1.615925058548009474e+01 3.347569173438669532e+04
1.619047619047618980e+01 3.022596007480291155e+04
1.622170179547228486e+01 2.720528741064574569e+04
1.625292740046838702e+01 2.441864374650131504e+04
1.628415300546448208e+01 2.187222265631251139e+04
1.631537861046057714e+01 1.957276568329395013e+04
1.634660421545667219e+01 1.752341415790884275e+04
1.637782982045277436e+01 1.571164136801690074e+04
1.640905542544886941e+01 1.413263322133696602e+04
1.644028103044496447e+01 1.280069543984249322e+04
1.647150663544105953e+01 1.173011997673668156e+04
1.650273224043716169e+01 1.093279670067923507e+04
1.653395784543325675e+01 1.041800963185825094e+04
1.656518345042935181e+01 1.019227729867185190e+04
1.659640905542544687e+01 1.025923303167859740e+04
1.662763466042154903e+01 1.061954381029961041e+04
1.665886026541764409e+01 1.127086707759882847e+04
1.669008587041373914e+01 1.220784475427322468e+04
1.672131147540983420e+01 1.342213386929052649e+04
1.675253708040593636e+01 1.490247341469796993e+04
1.678376268540203142e+01 1.663478657121265860e+04
1.681498829039812648e+01 1.860231707727792673e+04
1.684621389539422154e+01 2.078579855458408929e+04
1.687743950039031660e+01 2.316365541131477949e+04
1.690866510538641876e+01 2.571223340899832692e+04
1.693989071038251382e+01 2.840605794369839350e+04
1.697111631537860887e+01 3.121811856921334402e+04
1.700234192037470393e+01 3.412017842894657952e+04
1.703356752537080609e+01 3.708310740748767421e+04
1.706479313036690115e+01 4.007723943714101188e+04
1.709601873536299621e+01 4.307275833149072423e+04
1.712724434035909127e+01 4.604324178330908035e+04
1.715846994535519343e+01 4.899262054560788965e+04
1.718969555035128849e+01 5.193524137540462107e+04
1.722092115534738355e+01 5.486300416786607821e+04
1.725214676034347860e+01 5.776482138677194598e+04
1.728337236533958077e+01 6.063259305152527668e+04
1.731459797033567583e+01 6.346188722881097783e+04
1.734582357533177088e+01 6.624168168946818332e+04
1.737704918032786594e+01 6.889585531181062106e+04
1.740827478532396810e+01 7.133135173627609038e+04
1.743950039032006316e+01 7.350952287215209799e+04
1.747072599531615822e+01 7.540229970978845085e+04
1.750195160031225328e+01 7.698489607411748148e+04
1.753317720530835544e+01 7.823604074733085872e+04
1.756440281030445050e+01 7.913819472193383262e+04
1.759562841530054556e+01 7.967774100260969135e+04
1.762685402029664061e+01 7.984514128137935768e+04
1.765807962529274278e+01 7.963505449239842710e+04
1.768930523028883783e+01 7.904641170765001152e+04
1.772053083528493289e+01 7.808244479638712073e+04
1.775175644028102795e+01 7.675066965168958995e+04
1.778298204527713011e+01 7.506282388385231025e+04
1.781420765027322517e+01 7.303475699512797291e+04
1.784543325526932023e+01 7.068627360429521650e+04
1.787665886026541529e+01 6.804093393026078411e+04
1.790788446526151745e+01 6.512581419638820080e+04
1.793911007025761251e+01 6.197122760656788159e+04
1.797033567525370756e+01 5.861040989699991769e+04
1.800156128024980262e+01 5.507917708387454331e+04
1.803278688524590478e+01 5.141556179524809704e+04
1.806401249024199984e+01 4.765943441865287605e+04
1.809523809523809490e+01 4.385212218695411866e+04
1.812646370023418996e+01 4.004325241203788028e+04
1.815768930523029212e+01 3.632987613224949746e+04
1.818891491022638718e+01 3.278917441474192310e+04
1.822014051522248224e+01 2.943632956594351708e+04
1.825136612021857729e+01 2.627931468942533320e+04
1.828259172521467946e+01 2.332764750664157327e+04
1.831381733021077451e+01 2.059169830333742357e+04
1.834504293520686957e+01 1.807811516297487469e+04
1.837626854020296463e+01 1.577420064371264925e+04
1.840749414519905969e+01 1.367488406236370247e+04
1.843871975019516185e+01 1.179833729721581403e+04
1.846994535519125691e+01 1.016365124706560528e+04
1.850117096018735197e+01 8.787794295257441263e+03
1.853239656518344702e+01 7.685354157147362457e+03
1.856362217017954919e+01 6.868322748564700305e+03
1.859484777517564424e+01 6.345919556593082234e+03
1.862607338017173930e+01 6.124452130790697993e+03
1.865729898516783436e+01 6.207213705271282379e+03
1.868852459016393652e+01 6.594417812309229703e+03
1.871975019516003158e+01 7.283169663653045063e+03
1.875097580015612664e+01 8.267474402978343278e+03
1.878220140515222170e+01 9.538282154730472030e+03
1.881342701014832386e+01 1.108356923001450923e+04
1.884465261514441892e+01 1.288845468838163652e+04
1.887587822014051397e+01 1.493535146666541368e+04
1.890710382513660903e+01 1.720415087695952388e+04
1.893832943013271120e+01 1.967243888189905192e+04
1.896955503512880625e+01 2.231574280713075859e+04
1.900078064012490131e+01 2.510780755436793697e+04
1.903200624512099637e+01 2.802090040281340771e+04
1.906323185011709853e+01 3.102614437929294218e+04
1.909445745511319359e+01 3.409388352604371903e+04
1.912568306010928865e+01 3.719687584393915313e+04
1.915690866510538370e+01 4.033322159668316453e+04
1.918813427010148587e+01 4.351027108881808090e+04
1.921935987509758093e+01 4.671703847998434503e+04
1.925058548009367598e+01 4.994032628858690441e+04
1.928181108508977104e+01 5.316947363017419411e+04
1.931303669008587320e+01 5.639705872949457262e+04
1.934426229508196826e+01 5.960994291337800678e+04
1.937548790007806332e+01 6.273407471420661022e+04
1.940671350507415838e+01 6.567735300547321094e+04
1.943793911007026054e+01 6.839727643381968664e+04
1.946916471506635560e+01 7.086119892569730291e+04
1.950039032006245066e+01 7.303939278257306432e+04
1.953161592505854571e+01 7.490533613028995751e+04
1.956284153005464788e+01 7.643598691674144357e+04
1.959406713505074293e+01 7.761203090703085763e+04
1.962529274004683799e+01 7.841809757891303161e+04
1.965651834504293305e+01 7.884293912635900779e+04
1.968774395003903521e+01 7.887956717958941590e+04
1.971896955503513027e+01 7.852534381102892803e+04
1.975019516003122533e+01 7.778202649973149528e+04
1.978142076502732039e+01 7.665576687358296476e+04
1.981264637002342255e+01 7.515706132990086917e+04
1.984387197501951761e+01 7.330065315919931163e+04
1.987509758001561266e+01 7.110538916930877895e+04
1.990632318501170772e+01 6.859403366973594530e+04
1.993754879000780988e+01 6.579304064657932031e+04
1.996877439500390494e+01 6.273228712607349007e+04
2.000000000000000000e+01 5.944472054092532926e+04
