-2.000000000000000000e+01
-1.996877439500390494e+01
-1.993754879000780633e+01
-1.990632318501171127e+01
-1.987509758001561266e+01
-1.984387197501951761e+01
-1.981264637002341900e+01
-1.978142076502732394e+01
-1.975019516003122533e+01
-1.971896955503513027e+01
-1.968774395003903166e+01
-1.965651834504293660e+01
-1.962529274004683799e+01
-1.959406713505074293e+01
-1.956284153005464432e+01
-1.953161592505854927e+01
-1.950039032006245066e+01
-1.946916471506635560e+01
-1.943793911007025699e+01
-1.940671350507416193e+01
-1.937548790007806332e+01
-1.934426229508196826e+01
-1.931303669008586965e+01
-1.928181108508977459e+01
-1.925058548009367598e+01
-1.921935987509758093e+01
-1.918813427010148231e+01
-1.915690866510538726e+01
-1.912568306010928865e+01
-1.909445745511319359e+01
-1.906323185011709498e+01
-1.903200624512099992e+01
-1.900078064012490131e+01
-1.896955503512880625e+01
-1.893832943013270764e+01
-1.890710382513661258e+01
-1.887587822014051397e+01
-1.884465261514441892e+01
-1.881342701014832031e+01
-1.878220140515222525e+01
-1.875097580015612664e+01
-1.871975019516003158e+01
-1.868852459016393297e+01
-1.865729898516783791e+01
-1.862607338017173930e+01
-1.859484777517564424e+01
-1.856362217017954563e+01
-1.853239656518345058e+01
-1.850117096018735197e+01
-1.846994535519125691e+01
-1.843871975019516185e+01
-1.840749414519906324e+01
-1.837626854020296463e+01
-1.834504293520686957e+01
-1.831381733021077451e+01
-1.828259172521467590e+01
-1.825136612021858085e+01
-1.822014051522248224e+01
-1.818891491022638718e+01
-1.815768930523028857e+01
-1.812646370023419351e+01
-1.809523809523809490e+01
-1.806401249024199984e+01
-1.803278688524590123e+01
-1.800156128024980617e+01
-1.797033567525370756e+01
-1.793911007025761251e+01
-1.790788446526151390e+01
-1.787665886026541884e+01
-1.784543325526932023e+01
-1.781420765027322517e+01
-1.778298204527712656e+01
-1.775175644028103150e+01
-1.772053083528493289e+01
-1.768930523028883783e+01
-1.765807962529273922e+01
-1.762685402029664417e+01
-1.759562841530054556e+01
-1.756440281030445050e+01
-1.753317720530835189e+01
-1.750195160031225683e+01
-1.747072599531615822e+01
-1.743950039032006316e+01
-1.740827478532396455e+01
-1.737704918032786949e+01
-1.734582357533177088e+01
-1.731459797033567583e+01
-1.728337236533957721e+01
-1.725214676034348216e+01
-1.722092115534738355e+01
-1.718969555035128849e+01
-1.715846994535518988e+01
-1.712724434035909482e+01
-1.709601873536299621e+01
-1.706479313036690115e+01
-1.703356752537080254e+01
-1.700234192037470748e+01
-1.697111631537860887e+01
-1.693989071038251382e+01
-1.690866510538641876e+01
-1.687743950039032015e+01
-1.684621389539422154e+01
-1.681498829039812648e+01
-1.678376268540203142e+01
-1.675253708040593281e+01
-1.672131147540983420e+01
-1.669008587041373914e+01
-1.665886026541764409e+01
-1.662763466042154548e+01
-1.659640905542545042e+01
-1.656518345042935181e+01
-1.653395784543325675e+01
-1.650273224043715814e+01
-1.647150663544106308e+01
-1.644028103044496447e+01
-1.640905542544886941e+01
-1.637782982045277080e+01
-1.634660421545667575e+01
-1.631537861046057714e+01
-1.628415300546448208e+01
-1.625292740046838347e+01
-1.622170179547228841e+01
-1.619047619047618980e+01
-1.615925058548009474e+01
-1.612802498048399613e+01
-1.609679937548790107e+01
-1.606557377049180246e+01
-1.603434816549570741e+01
-1.600312256049960880e+01
-1.597189695550351374e+01
-1.594067135050741513e+01
-1.590944574551132007e+01
-1.587822014051522146e+01
-1.584699453551912640e+01
-1.581576893052302779e+01
-1.578454332552693273e+01
-1.575331772053083412e+01
-1.572209211553473907e+01
-1.569086651053864045e+01
-1.565964090554254540e+01
-1.562841530054644679e+01
-1.559718969555035173e+01
-1.556596409055425489e+01
-1.553473848555815806e+01
-1.550351288056206123e+01
-1.547228727556596439e+01
-1.544106167056986756e+01
-1.540983606557377072e+01
-1.537861046057767389e+01
-1.534738485558157706e+01
-1.531615925058548022e+01
-1.528493364558938339e+01
-1.525370804059328655e+01
-1.522248243559718972e+01
-1.519125683060109289e+01
-1.516003122560499605e+01
-1.512880562060889922e+01
-1.509758001561280238e+01
-1.506635441061670555e+01
-1.503512880562060872e+01
-1.500390320062451188e+01
-1.497267759562841505e+01
-1.494145199063231821e+01
-1.491022638563622138e+01
-1.487900078064012455e+01
-1.484777517564402771e+01
-1.481654957064793088e+01
-1.478532396565183404e+01
-1.475409836065573899e+01
-1.472287275565964038e+01
-1.469164715066354532e+01
-1.466042154566744671e+01
-1.462919594067135165e+01
-1.459797033567525304e+01
-1.456674473067915798e+01
-1.453551912568305937e+01
-1.450429352068696431e+01
-1.447306791569086570e+01
-1.444184231069477065e+01
-1.441061670569867204e+01
-1.437939110070257698e+01
-1.434816549570647837e+01
-1.431693989071038331e+01
-1.428571428571428470e+01
-1.425448868071818964e+01
-1.422326307572209103e+01
-1.419203747072599597e+01
-1.416081186572989736e+01
-1.412958626073380231e+01
-1.409836065573770369e+01
-1.406713505074160864e+01
-1.403590944574551003e+01
-1.400468384074941497e+01
-1.397345823575331814e+01
-1.394223263075722130e+01
-1.391100702576112447e+01
-1.387978142076502763e+01
-1.384855581576893080e+01
-1.381733021077283396e+01
-1.378610460577673713e+01
-1.375487900078064030e+01
-1.372365339578454346e+01
-1.369242779078844663e+01
-1.366120218579234979e+01
-1.362997658079625296e+01
-1.359875097580015613e+01
-1.356752537080405929e+01
-1.353629976580796246e+01
-1.350507416081186562e+01
-1.347384855581576879e+01
-1.344262295081967196e+01
-1.341139734582357512e+01
-1.338017174082747829e+01
-1.334894613583138145e+01
-1.331772053083528462e+01
-1.328649492583918779e+01
-1.325526932084309095e+01
-1.322404371584699412e+01
-1.319281811085089728e+01
-1.316159250585480223e+01
-1.313036690085870362e+01
-1.309914129586260856e+01
-1.306791569086650995e+01
-1.303669008587041489e+01
-1.300546448087431628e+01
-1.297423887587822122e+01
-1.294301327088212261e+01
-1.291178766588602755e+01
-1.288056206088992894e+01
-1.284933645589383389e+01
-1.281811085089773528e+01
-1.278688524590164022e+01
-1.275565964090554161e+01
-1.272443403590944655e+01
-1.269320843091334794e+01
-1.266198282591725288e+01
-1.263075722092115427e+01
-1.259953161592505921e+01
-1.256830601092896060e+01
-1.253708040593286555e+01
-1.250585480093676694e+01
-1.247462919594067188e+01
-1.244340359094457327e+01
-1.241217798594847821e+01
-1.238095238095238138e+01
-1.234972677595628454e+01
-1.231850117096018771e+01
-1.228727556596409087e+01
-1.225604996096799404e+01
-1.222482435597189721e+01
-1.219359875097580037e+01
-1.216237314597970354e+01
-1.213114754098360670e+01
-1.209992193598750987e+01
-1.206869633099141303e+01
-1.203747072599531620e+01
-1.200624512099921937e+01
-1.197501951600312253e+01
-1.194379391100702570e+01
-1.191256830601092886e+01
-1.188134270101483203e+01
-1.185011709601873520e+01
-1.181889149102263836e+01
-1.178766588602654153e+01
-1.175644028103044469e+01
-1.172521467603434786e+01
-1.169398907103825103e+01
-1.166276346604215419e+01
-1.163153786104605736e+01
-1.160031225604996052e+01
-1.156908665105386369e+01
-1.153786104605776686e+01
-1.150663544106167002e+01
-1.147540983606557319e+01
-1.144418423106947635e+01
-1.141295862607337952e+01
-1.138173302107728269e+01
-1.135050741608118585e+01
-1.131928181108508902e+01
-1.128805620608899218e+01
-1.125683060109289535e+01
-1.122560499609679852e+01
-1.119437939110070346e+01
-1.116315378610460662e+01
-1.113192818110850979e+01
-1.110070257611241296e+01
-1.106947697111631612e+01
-1.103825136612021929e+01
-1.100702576112412245e+01
-1.097580015612802562e+01
-1.094457455113192879e+01
-1.091334894613583195e+01
-1.088212334113973512e+01
-1.085089773614363828e+01
-1.081967213114754145e+01
-1.078844652615144462e+01
-1.075722092115534778e+01
-1.072599531615925095e+01
-1.069476971116315411e+01
-1.066354410616705728e+01
-1.063231850117096045e+01
-1.060109289617486361e+01
-1.056986729117876678e+01
-1.053864168618266994e+01
-1.050741608118657311e+01
-1.047619047619047628e+01
-1.044496487119437944e+01
-1.041373926619828261e+01
-1.038251366120218577e+01
-1.035128805620608894e+01
-1.032006245120999210e+01
-1.028883684621389527e+01
-1.025761124121779844e+01
-1.022638563622170160e+01
-1.019516003122560477e+01
-1.016393442622950793e+01
-1.013270882123341110e+01
-1.010148321623731427e+01
-1.007025761124121743e+01
-1.003903200624512060e+01
-1.000780640124902376e+01
-9.976580796252926930e+00
-9.945355191256830096e+00
-9.914129586260733262e+00
-9.882903981264636428e+00
-9.851678376268539594e+00
-9.820452771272442760e+00
-9.789227166276345926e+00
-9.758001561280249092e+00
-9.726775956284152258e+00
-9.695550351288055424e+00
-9.664324746291958590e+00
-9.633099141295861756e+00
-9.601873536299766698e+00
-9.570647931303669864e+00
-9.539422326307573030e+00
-9.508196721311476196e+00
-9.476971116315379362e+00
-9.445745511319282528e+00
-9.414519906323185694e+00
-9.383294301327088860e+00
-9.352068696330992026e+00
-9.320843091334895192e+00
-9.289617486338798358e+00
-9.258391881342701524e+00
-9.227166276346604690e+00
-9.195940671350507856e+00
-9.164715066354411022e+00
-9.133489461358314188e+00
-9.102263856362217354e+00
-9.071038251366120519e+00
-9.039812646370023685e+00
-9.008587041373926851e+00
-8.977361436377830017e+00
-8.946135831381733183e+00
-8.914910226385636349e+00
-8.883684621389539515e+00
-8.852459016393442681e+00
-8.821233411397345847e+00
-8.790007806401249013e+00
-8.758782201405152179e+00
-8.727556596409055345e+00
-8.696330991412958511e+00
-8.665105386416861677e+00
-8.633879781420764843e+00
-8.602654176424668009e+00
-8.571428571428571175e+00
-8.540202966432474341e+00
-8.508977361436377507e+00
-8.477751756440280673e+00
-8.446526151444183839e+00
-8.415300546448087005e+00
-8.384074941451990171e+00
-8.352849336455893337e+00
-8.321623731459796502e+00
-8.290398126463699668e+00
-8.259172521467602834e+00
-8.227946916471506000e+00
-8.196721311475409166e+00
-8.165495706479312332e+00
-8.134270101483215498e+00
-8.103044496487118664e+00
-8.071818891491021830e+00
-8.040593286494924996e+00
-8.009367681498829938e+00
-7.978142076502733104e+00
-7.946916471506636270e+00
-7.915690866510539436e+00
-7.884465261514442602e+00
-7.853239656518345768e+00
-7.822014051522248934e+00
-7.790788446526152100e+00
-7.759562841530055266e+00
-7.728337236533958432e+00
-7.697111631537861598e+00
-7.665886026541764764e+00
-7.634660421545667930e+00
-7.603434816549571096e+00
-7.572209211553474262e+00
-7.540983606557377428e+00
-7.509758001561280594e+00
-7.478532396565183760e+00
-7.447306791569086926e+00
-7.416081186572990092e+00
-7.384855581576893258e+00
-7.353629976580796423e+00
-7.322404371584699589e+00
-7.291178766588602755e+00
-7.259953161592505921e+00
-7.228727556596409087e+00
-7.197501951600312253e+00
-7.166276346604215419e+00
-7.135050741608118585e+00
-7.103825136612021751e+00
-7.072599531615924917e+00
-7.041373926619828083e+00
-7.010148321623731249e+00
-6.978922716627634415e+00
-6.947697111631537581e+00
-6.916471506635440747e+00
-6.885245901639343913e+00
-6.854020296643247079e+00
-6.822794691647150245e+00
-6.791569086651053411e+00
-6.760343481654956577e+00
-6.729117876658859743e+00
-6.697892271662762909e+00
-6.666666666666666075e+00
-6.635441061670569241e+00
-6.604215456674472406e+00
-6.572989851678375572e+00
-6.541764246682278738e+00
-6.510538641686181904e+00
-6.479313036690085070e+00
-6.448087431693988236e+00
-6.416861826697891402e+00
-6.385636221701796345e+00
-6.354410616705699510e+00
-6.323185011709602676e+00
-6.291959406713505842e+00
-6.260733801717409008e+00
-6.229508196721312174e+00
-6.198282591725215340e+00
-6.167056986729118506e+00
-6.135831381733021672e+00
-6.104605776736924838e+00
-6.073380171740828004e+00
-6.042154566744731170e+00
-6.010928961748634336e+00
-5.979703356752537502e+00
-5.948477751756440668e+00
-5.917252146760343834e+00
-5.886026541764247000e+00
-5.854800936768150166e+00
-5.823575331772053332e+00
-5.792349726775956498e+00
-5.761124121779859664e+00
-5.729898516783762830e+00
-5.698672911787665996e+00
-5.667447306791569162e+00
-5.636221701795472327e+00
-5.604996096799375493e+00
-5.573770491803278659e+00
-5.542544886807181825e+00
-5.511319281811084991e+00
-5.480093676814988157e+00
-5.448868071818891323e+00
-5.417642466822794489e+00
-5.386416861826697655e+00
-5.355191256830600821e+00
-5.323965651834503987e+00
-5.292740046838407153e+00
-5.261514441842310319e+00
-5.230288836846213485e+00
-5.199063231850116651e+00
-5.167837626854019817e+00
-5.136612021857922983e+00
-5.105386416861826149e+00
-5.074160811865729315e+00
-5.042935206869632481e+00
-5.011709601873535647e+00
-4.980483996877438813e+00
-4.949258391881341979e+00
-4.918032786885245145e+00
-4.886807181889148310e+00
-4.855581576893051476e+00
-4.824355971896954642e+00
-4.793130366900859585e+00
-4.761904761904762751e+00
-4.730679156908665917e+00
-4.699453551912569083e+00
-4.668227946916472249e+00
-4.637002341920375414e+00
-4.605776736924278580e+00
-4.574551131928181746e+00
-4.543325526932084912e+00
-4.512099921935988078e+00
-4.480874316939891244e+00
-4.449648711943794410e+00
-4.418423106947697576e+00
-4.387197501951600742e+00
-4.355971896955503908e+00
-4.324746291959407074e+00
-4.293520686963310240e+00
-4.262295081967213406e+00
-4.231069476971116572e+00
-4.199843871975019738e+00
-4.168618266978922904e+00
-4.137392661982826070e+00
-4.106167056986729236e+00
-4.074941451990632402e+00
-4.043715846994535568e+00
-4.012490241998438734e+00
-3.981264637002343676e+00
-3.950039032006245066e+00
-3.918813427010150008e+00
-3.887587822014051397e+00
-3.856362217017956340e+00
-3.825136612021857729e+00
-3.793911007025762672e+00
-3.762685402029664061e+00
-3.731459797033569004e+00
-3.700234192037470393e+00
-3.669008587041375336e+00
-3.637782982045276725e+00
-3.606557377049181667e+00
-3.575331772053083057e+00
-3.544106167056987999e+00
-3.512880562060889389e+00
-3.481654957064794331e+00
-3.450429352068695721e+00
-3.419203747072600663e+00
-3.387978142076502053e+00
-3.356752537080406995e+00
-3.325526932084308385e+00
-3.294301327088213327e+00
-3.263075722092114717e+00
-3.231850117096019659e+00
-3.200624512099921049e+00
-3.169398907103825991e+00
-3.138173302107727380e+00
-3.106947697111632323e+00
-3.075722092115533712e+00
-3.044496487119438655e+00
-3.013270882123340044e+00
-2.982045277127244987e+00
-2.950819672131146376e+00
-2.919594067135051318e+00
-2.888368462138952708e+00
-2.857142857142857650e+00
-2.825917252146759040e+00
-2.794691647150663982e+00
-2.763466042154565372e+00
-2.732240437158470314e+00
-2.701014832162371704e+00
-2.669789227166276646e+00
-2.638563622170178036e+00
-2.607338017174082978e+00
-2.576112412177984368e+00
-2.544886807181889310e+00
-2.513661202185790700e+00
-2.482435597189695642e+00
-2.451209992193597031e+00
-2.419984387197501974e+00
-2.388758782201406916e+00
-2.357533177205308306e+00
-2.326307572209213248e+00
-2.295081967213114638e+00
-2.263856362217019580e+00
-2.232630757220920970e+00
-2.201405152224825912e+00
-2.170179547228727301e+00
-2.138953942232632244e+00
-2.107728337236533633e+00
-2.076502732240438576e+00
-2.045277127244339965e+00
-2.014051522248244908e+00
-1.982825917252146297e+00
-1.951600312256051240e+00
-1.920374707259952629e+00
-1.889149102263857571e+00
-1.857923497267758961e+00
-1.826697892271663903e+00
-1.795472287275565293e+00
-1.764246682279470235e+00
-1.733021077283371625e+00
-1.701795472287276567e+00
-1.670569867291177957e+00
-1.639344262295082899e+00
-1.608118657298984289e+00
-1.576893052302889231e+00
-1.545667447306790621e+00
-1.514441842310695563e+00
-1.483216237314596953e+00
-1.451990632318501895e+00
-1.420765027322403284e+00
-1.389539422326308227e+00
-1.358313817330209616e+00
-1.327088212334114559e+00
-1.295862607338015948e+00
-1.264637002341920891e+00
-1.233411397345822280e+00
-1.202185792349727222e+00
-1.170960187353628612e+00
-1.139734582357533554e+00
-1.108508977361434944e+00
-1.077283372365339886e+00
-1.046057767369241276e+00
-1.014832162373146218e+00
-9.836065573770476078e-01
-9.523809523809525501e-01
-9.211553473848539397e-01
-8.899297423887588820e-01
-8.587041373926602716e-01
-8.274785323965652140e-01
-7.962529274004701563e-01
-7.650273224043715459e-01
-7.338017174082764882e-01
-7.025761124121778778e-01
-6.713505074160828201e-01
-6.401249024199842097e-01
-6.088992974238891520e-01
-5.776736924277905416e-01
-5.464480874316954839e-01
-5.152224824355968735e-01
-4.839968774395018158e-01
-4.527712724434032054e-01
-4.215456674473081478e-01
-3.903200624512095374e-01
-3.590944574551144797e-01
-3.278688524590158693e-01
-2.966432474629208116e-01
-2.654176424668222012e-01
-2.341920374707271435e-01
-2.029664324746285331e-01
-1.717408274785334754e-01
-1.405152224824348650e-01
-1.092896174863398073e-01
-7.806401249024119693e-02
-4.683840749414613924e-02
-1.561280249804752884e-02
1.561280249804752884e-02
4.683840749414613924e-02
7.806401249024119693e-02
1.092896174863398073e-01
1.405152224824348650e-01
1.717408274785334754e-01
2.029664324746285331e-01
2.341920374707271435e-01
2.654176424668222012e-01
2.966432474629208116e-01
3.278688524590158693e-01
3.590944574551144797e-01
3.903200624512095374e-01
4.215456674473081478e-01
4.527712724434032054e-01
4.839968774395018158e-01
5.152224824355968735e-01
5.464480874316954839e-01
5.776736924277905416e-01
6.088992974238891520e-01
6.401249024199842097e-01
6.713505074160828201e-01
7.025761124121778778e-01
7.338017174082764882e-01
7.650273224043715459e-01
7.962529274004666036e-01
8.274785323965652140e-01
8.587041373926602716e-01
8.899297423887588820e-01
9.211553473848539397e-01
9.523809523809525501e-01
9.836065573770476078e-01
1.014832162373146218e+00
1.046057767369241276e+00
1.077283372365339886e+00
1.108508977361434944e+00
1.139734582357533554e+00
1.170960187353628612e+00
1.202185792349727222e+00
1.233411397345822280e+00
1.264637002341920891e+00
1.295862607338015948e+00
1.327088212334114559e+00
1.358313817330209616e+00
1.389539422326308227e+00
1.420765027322403284e+00
1.451990632318501895e+00
1.483216237314596953e+00
1.514441842310695563e+00
1.545667447306790621e+00
1.576893052302889231e+00
1.608118657298984289e+00
1.639344262295082899e+00
1.670569867291177957e+00
1.701795472287276567e+00
1.733021077283371625e+00
1.764246682279470235e+00
1.795472287275565293e+00
1.826697892271663903e+00
1.857923497267758961e+00
1.889149102263857571e+00
1.920374707259952629e+00
1.951600312256051240e+00
1.982825917252146297e+00
2.014051522248244908e+00
2.045277127244339965e+00
2.076502732240438576e+00
2.107728337236533633e+00
2.138953942232632244e+00
2.170179547228727301e+00
2.201405152224825912e+00
2.232630757220920970e+00
2.263856362217019580e+00
2.295081967213114638e+00
2.326307572209213248e+00
2.357533177205308306e+00
2.388758782201403363e+00
2.419984387197501974e+00
2.451209992193597031e+00
2.482435597189695642e+00
2.513661202185790700e+00
2.544886807181889310e+00
2.576112412177984368e+00
2.607338017174082978e+00
2.638563622170178036e+00
2.669789227166276646e+00
2.701014832162371704e+00
2.732240437158470314e+00
2.763466042154565372e+00
2.794691647150663982e+00
2.825917252146759040e+00
2.857142857142857650e+00
2.888368462138952708e+00
2.919594067135051318e+00
2.950819672131146376e+00
2.982045277127244987e+00
3.013270882123340044e+00
3.044496487119438655e+00
3.075722092115533712e+00
3.106947697111632323e+00
3.138173302107727380e+00
3.169398907103825991e+00
3.200624512099921049e+00
3.231850117096019659e+00
3.263075722092114717e+00
3.294301327088213327e+00
3.325526932084308385e+00
3.356752537080406995e+00
3.387978142076502053e+00
3.419203747072600663e+00
3.450429352068695721e+00
3.481654957064794331e+00
3.512880562060889389e+00
3.544106167056987999e+00
3.575331772053083057e+00
3.606557377049181667e+00
3.637782982045276725e+00
3.669008587041375336e+00
3.700234192037470393e+00
3.731459797033569004e+00
3.762685402029664061e+00
3.793911007025762672e+00
3.825136612021857729e+00
3.856362217017956340e+00
3.887587822014051397e+00
3.918813427010150008e+00
3.950039032006245066e+00
3.981264637002340123e+00
4.012490241998438734e+00
4.043715846994533791e+00
4.074941451990632402e+00
4.106167056986727459e+00
4.137392661982826070e+00
4.168618266978921127e+00
4.199843871975019738e+00
4.231069476971114796e+00
4.262295081967213406e+00
4.293520686963308464e+00
4.324746291959407074e+00
4.355971896955502132e+00
4.387197501951600742e+00
4.418423106947695800e+00
4.449648711943794410e+00
4.480874316939889468e+00
4.512099921935988078e+00
4.543325526932083136e+00
4.574551131928181746e+00
4.605776736924276804e+00
4.637002341920375414e+00
4.668227946916470472e+00
4.699453551912569083e+00
4.730679156908664140e+00
4.761904761904762751e+00
4.793130366900857808e+00
4.824355971896956419e+00
4.855581576893051476e+00
4.886807181889150087e+00
4.918032786885245145e+00
4.949258391881343755e+00
4.980483996877438813e+00
5.011709601873537423e+00
5.042935206869632481e+00
5.074160811865731091e+00
5.105386416861826149e+00
5.136612021857924759e+00
5.167837626854019817e+00
5.199063231850118427e+00
5.230288836846213485e+00
5.261514441842312095e+00
5.292740046838407153e+00
5.323965651834505763e+00
5.355191256830600821e+00
5.386416861826699432e+00
5.417642466822794489e+00
5.448868071818893100e+00
5.480093676814988157e+00
5.511319281811086768e+00
5.542544886807181825e+00
5.573770491803280436e+00
5.604996096799375493e+00
5.636221701795470551e+00
5.667447306791569162e+00
5.698672911787664219e+00
5.729898516783762830e+00
5.761124121779857887e+00
5.792349726775956498e+00
5.823575331772051555e+00
5.854800936768150166e+00
5.886026541764245223e+00
5.917252146760343834e+00
5.948477751756438892e+00
5.979703356752537502e+00
6.010928961748632560e+00
6.042154566744731170e+00
6.073380171740826228e+00
6.104605776736924838e+00
6.135831381733019896e+00
6.167056986729118506e+00
6.198282591725213564e+00
6.229508196721312174e+00
6.260733801717407232e+00
6.291959406713505842e+00
6.323185011709600900e+00
6.354410616705699510e+00
6.385636221701794568e+00
6.416861826697893179e+00
6.448087431693988236e+00
6.479313036690086847e+00
6.510538641686181904e+00
6.541764246682280515e+00
6.572989851678375572e+00
6.604215456674474183e+00
6.635441061670569241e+00
6.666666666666667851e+00
6.697892271662762909e+00
6.729117876658861519e+00
6.760343481654956577e+00
6.791569086651055187e+00
6.822794691647150245e+00
6.854020296643248855e+00
6.885245901639343913e+00
6.916471506635442523e+00
6.947697111631537581e+00
6.978922716627636191e+00
7.010148321623731249e+00
7.041373926619829859e+00
7.072599531615924917e+00
7.103825136612023528e+00
7.135050741608118585e+00
7.166276346604217196e+00
7.197501951600312253e+00
7.228727556596407311e+00
7.259953161592505921e+00
7.291178766588600979e+00
7.322404371584699589e+00
7.353629976580794647e+00
7.384855581576893258e+00
7.416081186572988315e+00
7.447306791569086926e+00
7.478532396565181983e+00
7.509758001561280594e+00
7.540983606557375651e+00
7.572209211553474262e+00
7.603434816549569319e+00
7.634660421545667930e+00
7.665886026541762988e+00
7.697111631537861598e+00
7.728337236533956656e+00
7.759562841530055266e+00
7.790788446526150324e+00
7.822014051522248934e+00
7.853239656518343992e+00
7.884465261514442602e+00
7.915690866510537660e+00
7.946916471506636270e+00
7.978142076502731328e+00
8.009367681498829938e+00
8.040593286494924996e+00
8.071818891491023606e+00
8.103044496487118664e+00
8.134270101483217275e+00
8.165495706479312332e+00
8.196721311475410943e+00
8.227946916471506000e+00
8.259172521467604611e+00
8.290398126463699668e+00
8.321623731459798279e+00
8.352849336455893337e+00
8.384074941451991947e+00
8.415300546448087005e+00
8.446526151444185615e+00
8.477751756440280673e+00
8.508977361436379283e+00
8.540202966432474341e+00
8.571428571428572951e+00
8.602654176424668009e+00
8.633879781420766619e+00
8.665105386416861677e+00
8.696330991412960287e+00
8.727556596409055345e+00
8.758782201405153955e+00
8.790007806401249013e+00
8.821233411397344071e+00
8.852459016393442681e+00
8.883684621389537739e+00
8.914910226385636349e+00
8.946135831381731407e+00
8.977361436377830017e+00
9.008587041373925075e+00
9.039812646370023685e+00
9.071038251366118743e+00
9.102263856362217354e+00
9.133489461358312411e+00
9.164715066354411022e+00
9.195940671350506079e+00
9.227166276346604690e+00
9.258391881342699747e+00
9.289617486338798358e+00
9.320843091334893415e+00
9.352068696330992026e+00
9.383294301327087084e+00
9.414519906323185694e+00
9.445745511319280752e+00
9.476971116315379362e+00
9.508196721311474420e+00
9.539422326307573030e+00
9.570647931303668088e+00
9.601873536299766698e+00
9.633099141295861756e+00
9.664324746291960366e+00
9.695550351288055424e+00
9.726775956284154034e+00
9.758001561280249092e+00
9.789227166276347702e+00
9.820452771272442760e+00
9.851678376268541371e+00
9.882903981264636428e+00
9.914129586260735039e+00
9.945355191256830096e+00
9.976580796252928707e+00
1.000780640124902376e+01
1.003903200624512237e+01
1.007025761124121743e+01
1.010148321623731604e+01
1.013270882123341110e+01
1.016393442622950971e+01
1.019516003122560477e+01
1.022638563622170338e+01
1.025761124121779844e+01
1.028883684621389705e+01
1.032006245120999210e+01
1.035128805620609072e+01
1.038251366120218577e+01
1.041373926619828083e+01
1.044496487119437944e+01
1.047619047619047450e+01
1.050741608118657311e+01
1.053864168618266817e+01
1.056986729117876678e+01
1.060109289617486183e+01
1.063231850117096045e+01
1.066354410616705550e+01
1.069476971116315411e+01
1.072599531615924917e+01
1.075722092115534778e+01
1.078844652615144284e+01
1.081967213114754145e+01
1.085089773614363651e+01
1.088212334113973512e+01
1.091334894613583018e+01
1.094457455113192879e+01
1.097580015612802384e+01
1.100702576112412245e+01
1.103825136612021751e+01
1.106947697111631612e+01
1.110070257611241118e+01
1.113192818110850979e+01
1.116315378610460485e+01
1.119437939110070346e+01
1.122560499609679852e+01
1.125683060109289713e+01
1.128805620608899218e+01
1.131928181108509079e+01
1.135050741608118585e+01
1.138173302107728446e+01
1.141295862607337952e+01
1.144418423106947813e+01
1.147540983606557319e+01
1.150663544106167180e+01
1.153786104605776686e+01
1.156908665105386547e+01
1.160031225604996052e+01
1.163153786104605913e+01
1.166276346604215419e+01
1.169398907103825280e+01
1.172521467603434786e+01
1.175644028103044647e+01
1.178766588602654153e+01
1.181889149102264014e+01
1.185011709601873520e+01
1.188134270101483381e+01
1.191256830601092886e+01
1.194379391100702748e+01
1.197501951600312253e+01
1.200624512099921759e+01
1.203747072599531265e+01
1.206869633099141481e+01
1.209992193598750987e+01
1.213114754098360493e+01
1.216237314597969998e+01
1.219359875097580215e+01
1.222482435597189721e+01
1.225604996096799226e+01
1.228727556596408732e+01
1.231850117096018948e+01
1.234972677595628454e+01
1.238095238095237960e+01
1.241217798594847466e+01
1.244340359094457682e+01
1.247462919594067188e+01
1.250585480093676694e+01
1.253708040593286199e+01
1.256830601092896416e+01
1.259953161592505921e+01
1.263075722092115427e+01
1.266198282591724933e+01
1.269320843091335149e+01
1.272443403590944655e+01
1.275565964090554161e+01
1.278688524590163667e+01
1.281811085089773883e+01
1.284933645589383389e+01
1.288056206088992894e+01
1.291178766588602400e+01
1.294301327088212616e+01
1.297423887587822122e+01
1.300546448087431628e+01
1.303669008587041134e+01
1.306791569086651350e+01
1.309914129586260856e+01
1.313036690085870362e+01
1.316159250585479867e+01
1.319281811085090084e+01
1.322404371584699589e+01
1.325526932084309095e+01
1.328649492583918601e+01
1.331772053083528817e+01
1.334894613583138323e+01
1.338017174082747829e+01
1.341139734582357335e+01
1.344262295081967551e+01
1.347384855581577057e+01
1.350507416081186562e+01
1.353629976580796068e+01
1.356752537080406285e+01
1.359875097580015790e+01
1.362997658079625296e+01
1.366120218579234802e+01
1.369242779078844308e+01
1.372365339578454524e+01
1.375487900078064030e+01
1.378610460577673535e+01
1.381733021077283041e+01
1.384855581576893258e+01
1.387978142076502763e+01
1.391100702576112269e+01
1.394223263075721775e+01
1.397345823575331991e+01
1.400468384074941497e+01
1.403590944574551003e+01
1.406713505074160508e+01
1.409836065573770725e+01
1.412958626073380231e+01
1.416081186572989736e+01
1.419203747072599242e+01
1.422326307572209458e+01
1.425448868071818964e+01
1.428571428571428470e+01
1.431693989071037976e+01
1.434816549570648192e+01
1.437939110070257698e+01
1.441061670569867204e+01
1.444184231069476709e+01
1.447306791569086926e+01
1.450429352068696431e+01
1.453551912568305937e+01
1.456674473067915443e+01
1.459797033567525659e+01
1.462919594067135165e+01
1.466042154566744671e+01
1.469164715066354177e+01
1.472287275565964393e+01
1.475409836065573899e+01
1.478532396565183404e+01
1.481654957064792910e+01
1.484777517564403126e+01
1.487900078064012632e+01
1.491022638563622138e+01
1.494145199063231644e+01
1.497267759562841860e+01
1.500390320062451366e+01
1.503512880562060872e+01
1.506635441061670377e+01
1.509758001561280594e+01
1.512880562060890099e+01
1.516003122560499605e+01
1.519125683060109111e+01
1.522248243559718617e+01
1.525370804059328833e+01
1.528493364558938339e+01
1.531615925058547845e+01
1.534738485558157350e+01
1.537861046057767567e+01
1.540983606557377072e+01
1.544106167056986578e+01
1.547228727556596084e+01
1.550351288056206300e+01
1.553473848555815806e+01
1.556596409055425312e+01
1.559718969555034818e+01
1.562841530054645034e+01
1.565964090554254540e+01
1.569086651053864045e+01
1.572209211553473551e+01
1.575331772053083768e+01
1.578454332552693273e+01
1.581576893052302779e+01
1.584699453551912285e+01
1.587822014051522501e+01
1.590944574551132007e+01
1.594067135050741513e+01
1.597189695550351018e+01
1.600312256049961235e+01
1.603434816549570741e+01
1.606557377049180246e+01
1.609679937548789752e+01
1.612802498048399968e+01
1.615925058548009474e+01
1.619047619047618980e+01
1.622170179547228486e+01
1.625292740046838702e+01
1.628415300546448208e+01
1.631537861046057714e+01
1.634660421545667219e+01
1.637782982045277436e+01
1.640905542544886941e+01
1.644028103044496447e+01
1.647150663544105953e+01
1.650273224043716169e+01
1.653395784543325675e+01
1.656518345042935181e+01
1.659640905542544687e+01
1.662763466042154903e+01
1.665886026541764409e+01
1.669008587041373914e+01
1.672131147540983420e+01
1.675253708040593636e+01
1.678376268540203142e+01
1.681498829039812648e+01
1.684621389539422154e+01
1.687743950039031660e+01
1.690866510538641876e+01
1.693989071038251382e+01
1.697111631537860887e+01
1.700234192037470393e+01
1.703356752537080609e+01
1.706479313036690115e+01
1.709601873536299621e+01
1.712724434035909127e+01
1.715846994535519343e+01
1.718969555035128849e+01
1.722092115534738355e+01
1.725214676034347860e+01
1.728337236533958077e+01
1.731459797033567583e+01
1.734582357533177088e+01
1.737704918032786594e+01
1.740827478532396810e+01
1.743950039032006316e+01
1.747072599531615822e+01
1.750195160031225328e+01
1.753317720530835544e+01
1.756440281030445050e+01
1.759562841530054556e+01
1.762685402029664061e+01
1.765807962529274278e+01
1.768930523028883783e+01
1.772053083528493289e+01
1.775175644028102795e+01
1.778298204527713011e+01
1.781420765027322517e+01
1.784543325526932023e+01
1.787665886026541529e+01
1.790788446526151745e+01
1.793911007025761251e+01
1.797033567525370756e+01
1.800156128024980262e+01
1.803278688524590478e+01
1.806401249024199984e+01
1.809523809523809490e+01
1.812646370023418996e+01
1.815768930523029212e+01
1.818891491022638718e+01
1.822014051522248224e+01
1.825136612021857729e+01
1.828259172521467946e+01
1.831381733021077451e+01
1.834504293520686957e+01
1.837626854020296463e+01
1.840749414519905969e+01
1.843871975019516185e+01
1.846994535519125691e+01
1.850117096018735197e+01
1.853239656518344702e+01
1.856362217017954919e+01
1.859484777517564424e+01
1.862607338017173930e+01
1.865729898516783436e+01
1.868852459016393652e+01
1.871975019516003158e+01
1.875097580015612664e+01
1.878220140515222170e+01
1.881342701014832386e+01
1.884465261514441892e+01
1.887587822014051397e+01
1.890710382513660903e+01
1.893832943013271120e+01
1.896955503512880625e+01
1.900078064012490131e+01
1.903200624512099637e+01
1.906323185011709853e+01
1.909445745511319359e+01
1.912568306010928865e+01
1.915690866510538370e+01
1.918813427010148587e+01
1.921935987509758093e+01
1.925058548009367598e+01
1.928181108508977104e+01
1.931303669008587320e+01
1.934426229508196826e+01
1.937548790007806332e+01
1.940671350507415838e+01
1.943793911007026054e+01
1.946916471506635560e+01
1.950039032006245066e+01
1.953161592505854571e+01
1.956284153005464788e+01
1.959406713505074293e+01
1.962529274004683799e+01
1.965651834504293305e+01
1.968774395003903521e+01
1.971896955503513027e+01
1.975019516003122533e+01
1.978142076502732039e+01
1.981264637002342255e+01
1.984387197501951761e+01
1.987509758001561266e+01
1.990632318501170772e+01
1.993754879000780988e+01
1.996877439500390494e+01
2.000000000000000000e+01
