-7.000000000000000000e+00
-6.959910913140311628e+00
-6.919821826280623256e+00
-6.879732739420935772e+00
-6.839643652561247400e+00
-6.799554565701559028e+00
-6.759465478841870656e+00
-6.719376391982182284e+00
-6.679287305122494800e+00
-6.639198218262806428e+00
-6.599109131403118056e+00
-6.559020044543429684e+00
-6.518930957683741312e+00
-6.478841870824053828e+00
-6.438752783964365456e+00
-6.398663697104677084e+00
-6.358574610244988712e+00
-6.318485523385300340e+00
-6.278396436525612856e+00
-6.238307349665924484e+00
-6.198218262806236112e+00
-6.158129175946547740e+00
-6.118040089086859368e+00
-6.077951002227171884e+00
-6.037861915367483512e+00
-5.997772828507795140e+00
-5.957683741648106768e+00
-5.917594654788418396e+00
-5.877505567928730912e+00
-5.837416481069042540e+00
-5.797327394209354168e+00
-5.757238307349665796e+00
-5.717149220489977424e+00
-5.677060133630289940e+00
-5.636971046770601568e+00
-5.596881959910913196e+00
-5.556792873051224824e+00
-5.516703786191536452e+00
-5.476614699331848968e+00
-5.436525612472159708e+00
-5.396436525612472224e+00
-5.356347438752783852e+00
-5.316258351893095480e+00
-5.276169265033407996e+00
-5.236080178173718735e+00
-5.195991091314031252e+00
-5.155902004454342880e+00
-5.115812917594654508e+00
-5.075723830734967024e+00
-5.035634743875277763e+00
-4.995545657015590280e+00
-4.955456570155901908e+00
-4.915367483296213535e+00
-4.875278396436526052e+00
-4.835189309576836791e+00
-4.795100222717149308e+00
-4.755011135857460935e+00
-4.714922048997772563e+00
-4.674832962138085080e+00
-4.634743875278395819e+00
-4.594654788418708335e+00
-4.554565701559019963e+00
-4.514476614699331591e+00
-4.474387527839644108e+00
-4.434298440979954847e+00
-4.394209354120267363e+00
-4.354120267260578991e+00
-4.314031180400890619e+00
-4.273942093541203135e+00
-4.233853006681513875e+00
-4.193763919821826391e+00
-4.153674832962138019e+00
-4.113585746102449647e+00
-4.073496659242762163e+00
-4.033407572383072903e+00
-3.993318485523384975e+00
-3.953229398663697047e+00
-3.913140311804008675e+00
-3.873051224944320303e+00
-3.832962138084632375e+00
-3.792873051224944003e+00
-3.752783964365256075e+00
-3.712694877505567703e+00
-3.672605790645879331e+00
-3.632516703786191403e+00
-3.592427616926503031e+00
-3.552338530066815103e+00
-3.512249443207126731e+00
-3.472160356347438359e+00
-3.432071269487750431e+00
-3.391982182628062059e+00
-3.351893095768374131e+00
-3.311804008908685759e+00
-3.271714922048997387e+00
-3.231625835189309459e+00
-3.191536748329621087e+00
-3.151447661469933159e+00
-3.111358574610244787e+00
-3.071269487750556415e+00
-3.031180400890868487e+00
-2.991091314031180559e+00
-2.951002227171492187e+00
-2.910913140311803815e+00
-2.870824053452115443e+00
-2.830734966592427071e+00
-2.790645879732739587e+00
-2.750556792873051215e+00
-2.710467706013362843e+00
-2.670378619153674471e+00
-2.630289532293986099e+00
-2.590200445434297727e+00
-2.550111358574610243e+00
-2.510022271714921871e+00
-2.469933184855233499e+00
-2.429844097995545127e+00
-2.389755011135856755e+00
-2.349665924276169271e+00
-2.309576837416480899e+00
-2.269487750556792527e+00
-2.229398663697104155e+00
-2.189309576837415783e+00
-2.149220489977728299e+00
-2.109131403118039927e+00
-2.069042316258351555e+00
-2.028953229398663183e+00
-1.988864142538974811e+00
-1.948775055679287327e+00
-1.908685968819598955e+00
-1.868596881959910583e+00
-1.828507795100222211e+00
-1.788418708240533839e+00
-1.748329621380846355e+00
-1.708240534521157983e+00
-1.668151447661469611e+00
-1.628062360801781239e+00
-1.587973273942092867e+00
-1.547884187082405383e+00
-1.507795100222717011e+00
-1.467706013363028639e+00
-1.427616926503340267e+00
-1.387527839643651895e+00
-1.347438752783964411e+00
-1.307349665924276039e+00
-1.267260579064587667e+00
-1.227171492204899295e+00
-1.187082405345210923e+00
-1.146993318485523439e+00
-1.106904231625835067e+00
-1.066815144766146695e+00
-1.026726057906458323e+00
-9.866369710467699505e-01
-9.465478841870815785e-01
-9.064587973273940946e-01
-8.663697104677057226e-01
-8.262806236080173505e-01
-7.861915367483289785e-01
-7.461024498886406064e-01
-7.060133630289531226e-01
-6.659242761692647505e-01
-6.258351893095763785e-01
-5.857461024498880064e-01
-5.456570155901996344e-01
-5.055679287305121505e-01
-4.654788418708237785e-01
-4.253897550111354064e-01
-3.853006681514470344e-01
-3.452115812917586624e-01
-3.051224944320711785e-01
-2.650334075723828064e-01
-2.249443207126944344e-01
-1.848552338530060624e-01
-1.447661469933176903e-01
-1.046770601336302065e-01
-6.458797327394183441e-02
-2.449888641425346236e-02
1.559020044543490968e-02
5.567928730512328173e-02
9.576837416481076559e-02
1.358574610244991376e-01
1.759465478841875097e-01
2.160356347438758817e-01
2.561247216035642538e-01
2.962138084632517376e-01
3.363028953229401097e-01
3.763919821826284817e-01
4.164810690423168538e-01
4.565701559020052258e-01
4.966592427616927097e-01
5.367483296213810817e-01
5.768374164810694538e-01
6.169265033407578258e-01
6.570155902004461979e-01
6.971046770601336817e-01
7.371937639198220538e-01
7.772828507795104258e-01
8.173719376391987979e-01
8.574610244988871699e-01
8.975501113585755419e-01
9.376391982182630258e-01
9.777282850779513979e-01
1.017817371937638882e+00
1.057906458797328142e+00
1.097995545657015626e+00
1.138084632516704886e+00
1.178173719376392370e+00
1.218262806236079854e+00
1.258351893095769114e+00
1.298440979955456598e+00
1.338530066815145858e+00
1.378619153674833342e+00
1.418708240534520826e+00
1.458797327394210086e+00
1.498886414253897570e+00
1.538975501113586830e+00
1.579064587973274314e+00
1.619153674832963574e+00
1.659242761692651058e+00
1.699331848552338542e+00
1.739420935412027802e+00
1.779510022271715286e+00
1.819599109131404546e+00
1.859688195991092030e+00
1.899777282850779514e+00
1.939866369710468774e+00
1.979955456570156258e+00
2.020044543429845518e+00
2.060133630289533002e+00
2.100222717149220486e+00
2.140311804008909746e+00
2.180400890868597230e+00
2.220489977728286490e+00
2.260579064587973974e+00
2.300668151447661458e+00
2.340757238307350718e+00
2.380846325167038202e+00
2.420935412026727462e+00
2.461024498886414946e+00
2.501113585746102430e+00
2.541202672605791690e+00
2.581291759465479174e+00
2.621380846325168434e+00
2.661469933184855918e+00
2.701559020044543402e+00
2.741648106904232662e+00
2.781737193763920146e+00
2.821826280623609406e+00
2.861915367483296890e+00
2.902004454342984374e+00
2.942093541202673634e+00
2.982182628062361118e+00
3.022271714922050379e+00
3.062360801781737862e+00
3.102449888641425346e+00
3.142538975501114606e+00
3.182628062360802090e+00
3.222717149220491351e+00
3.262806236080178834e+00
3.302895322939866318e+00
3.342984409799555579e+00
3.383073496659243062e+00
3.423162583518932323e+00
3.463251670378619806e+00
3.503340757238307290e+00
3.543429844097996551e+00
3.583518930957684034e+00
3.623608017817373295e+00
3.663697104677060778e+00
3.703786191536748262e+00
3.743875278396437523e+00
3.783964365256125006e+00
3.824053452115814267e+00
3.864142538975501751e+00
3.904231625835189234e+00
3.944320712694878495e+00
3.984409799554565978e+00
4.024498886414255239e+00
4.064587973273942723e+00
4.104677060133630206e+00
4.144766146993319467e+00
4.184855233853006951e+00
4.224944320712696211e+00
4.265033407572383695e+00
4.305122494432071178e+00
4.345211581291760439e+00
4.385300668151447923e+00
4.425389755011137183e+00
4.465478841870824667e+00
4.505567928730512151e+00
4.545657015590201411e+00
4.585746102449888895e+00
4.625835189309578155e+00
4.665924276169265639e+00
4.706013363028953123e+00
4.746102449888642383e+00
4.786191536748329867e+00
4.826280623608019127e+00
4.866369710467706611e+00
4.906458797327394095e+00
4.946547884187083355e+00
4.986636971046770839e+00
5.026726057906460099e+00
5.066815144766147583e+00
5.106904231625836843e+00
5.146993318485524327e+00
5.187082405345211811e+00
5.227171492204901071e+00
5.267260579064588555e+00
5.307349665924277815e+00
5.347438752783965299e+00
5.387527839643652783e+00
5.427616926503342043e+00
5.467706013363029527e+00
5.507795100222718787e+00
5.547884187082406271e+00
5.587973273942093755e+00
5.628062360801783015e+00
5.668151447661470499e+00
5.708240534521159759e+00
5.748329621380847243e+00
5.788418708240534727e+00
5.828507795100223987e+00
5.868596881959911471e+00
5.908685968819600731e+00
5.948775055679288215e+00
5.988864142538975699e+00
6.028953229398664959e+00
6.069042316258352443e+00
6.109131403118041703e+00
6.149220489977729187e+00
6.189309576837416671e+00
6.229398663697105931e+00
6.269487750556793415e+00
6.309576837416482675e+00
6.349665924276170159e+00
6.389755011135857643e+00
6.429844097995546903e+00
6.469933184855234387e+00
6.510022271714923647e+00
6.550111358574611131e+00
6.590200445434298615e+00
6.630289532293987875e+00
6.670378619153675359e+00
6.710467706013364619e+00
6.750556792873052103e+00
6.790645879732739587e+00
6.830734966592428847e+00
6.870824053452116331e+00
6.910913140311805591e+00
6.951002227171493075e+00
6.991091314031180559e+00
7.031180400890869819e+00
7.071269487750557303e+00
7.111358574610246563e+00
7.151447661469934047e+00
7.191536748329621531e+00
7.231625835189310791e+00
7.271714922048998275e+00
7.311804008908687535e+00
7.351893095768375019e+00
7.391982182628062503e+00
7.432071269487751763e+00
7.472160356347439247e+00
7.512249443207128508e+00
7.552338530066815991e+00
7.592427616926503475e+00
7.632516703786192735e+00
7.672605790645880219e+00
7.712694877505569480e+00
7.752783964365256963e+00
7.792873051224944447e+00
7.832962138084633708e+00
7.873051224944321191e+00
7.913140311804010452e+00
7.953229398663697935e+00
7.993318485523385419e+00
8.033407572383074680e+00
8.073496659242762163e+00
8.113585746102451424e+00
8.153674832962138908e+00
8.193763919821826391e+00
8.233853006681515652e+00
8.273942093541203135e+00
8.314031180400892396e+00
8.354120267260579880e+00
8.394209354120267363e+00
8.434298440979956624e+00
8.474387527839644108e+00
8.514476614699333368e+00
8.554565701559020852e+00
8.594654788418710112e+00
8.634743875278397596e+00
8.674832962138085080e+00
8.714922048997774340e+00
8.755011135857461824e+00
8.795100222717151084e+00
8.835189309576838568e+00
8.875278396436526052e+00
8.915367483296215312e+00
8.955456570155902796e+00
8.995545657015592056e+00
9.035634743875277763e+00
9.075723830734968800e+00
9.115812917594656284e+00
9.155902004454343768e+00
9.195991091314031252e+00
9.236080178173718735e+00
9.276169265033409772e+00
9.316258351893097256e+00
9.356347438752784740e+00
9.396436525612472224e+00
9.436525612472159708e+00
9.476614699331850744e+00
9.516703786191538228e+00
9.556792873051225712e+00
9.596881959910913196e+00
9.636971046770600680e+00
9.677060133630291716e+00
9.717149220489979200e+00
9.757238307349666684e+00
9.797327394209354168e+00
9.837416481069041652e+00
9.877505567928732688e+00
9.917594654788420172e+00
9.957683741648107656e+00
9.997772828507795140e+00
1.003786191536748262e+01
1.007795100222717366e+01
1.011804008908686114e+01
1.015812917594654863e+01
1.019821826280623611e+01
1.023830734966592715e+01
1.027839643652561463e+01
1.031848552338530212e+01
1.035857461024498960e+01
1.039866369710467708e+01
1.043875278396436812e+01
1.047884187082405560e+01
1.051893095768374309e+01
1.055902004454343057e+01
1.059910913140311806e+01
1.063919821826280909e+01
1.067928730512249658e+01
1.071937639198218406e+01
1.075946547884187154e+01
1.079955456570155903e+01
1.083964365256125006e+01
1.087973273942093755e+01
1.091982182628062503e+01
1.095991091314031252e+01
1.100000000000000000e+01
