omega = 0.2978
domega = 1.4890e-03
eta = -3.2000e-03
v = 0.3170
U = -0.015370
dU = -1.5370e-03
W = 1.4660e-03
dW = -1.4660e-04
alpha = 0.050000
v1 = 0.3170
v2 = 0.3170
d0 = 0.3500
dist = 0.1000
V = 0.038000
beta = -0.3000
gap = 1
Nk = 201
Kmax = 0.1000
Nq = 10001
Qmax = 0.3000
NE = 501
epsilonE = 1.0000e-05
