0.00000000    0.00000000   0.13676383   0.13676433   0.27198592   0.27199053   0.40263711   0.40265535   0.51323965   0.51327440   0.52928002   0.54134706   0.54133080   0.54509034   0.62626342   0.62630389   0.65398262   0.67077021   0.68753422   0.68810968   0.68811391   
1.00000000    0.01681142   0.13775086   0.13782824   0.27247746   0.27251743   0.40295814   0.40298941   0.51252822   0.51341628   0.52880125   0.53933964   0.54147481   0.54837638   0.62608588   0.62644128   0.65350195   0.66878442   0.67124533   0.68413628   0.68803918   
2.00000000    0.03361890   0.14066920   0.14097253   0.27394017   0.27409838   0.40390301   0.40400608   0.51013254   0.51388310   0.52780643   0.53771581   0.54188528   0.55363488   0.62535355   0.62688318   0.65172913   0.65438676   0.66208692   0.67479140   0.68030376   
3.00000000    0.05041840   0.14540153   0.14606257   0.27636005   0.27671305   0.40546883   0.40569679   0.50587482   0.51464732   0.52727482   0.53720655   0.54257270   0.55933047   0.62342809   0.62750198   0.63760697   0.64596023   0.65399467   0.66561181   0.66853314   
4.00000000    0.06720557   0.15177617   0.15290402   0.27971139   0.28033198   0.40764822   0.40804995   0.50006726   0.51568666   0.52760876   0.53735643   0.54354045   0.56518834   0.61842183   0.62034088   0.62872495   0.63559944   0.64997564   0.65084429   0.66338054   
5.00000000    0.08397558   0.15959382   0.16127397   0.28395997   0.28491622   0.41042917   0.41105129   0.49318438   0.51696878   0.52866686   0.53791501   0.54479121   0.57110262   0.60361224   0.60797840   0.62706252   0.62836250   0.63736322   0.64702402   0.65820712   
6.00000000    0.10072297   0.16865092   0.17094778   0.28906468   0.29041917   0.41379608   0.41468297   0.48554035   0.51844994   0.53023337   0.53879829   0.54632089   0.57702641   0.58678938   0.59390286   0.61879266   0.61906357   0.63340840   0.64480358   0.65275883   
7.00000000    0.11744138   0.17875605   0.18171706   0.29497926   0.29678861   0.41772935   0.41892360   0.47729715   0.52007031   0.53212047   0.54000478   0.54809824   0.56998223   0.57860212   0.58294273   0.60446420   0.60952565   0.63422744   0.64259778   0.64774588   
8.00000000    0.13412329   0.18973892   0.19339854   0.30165407   0.30396868   0.42220351   0.42374819   0.46853565   0.52173958   0.53413127   0.54154878   0.54990642   0.55326400   0.56312321   0.58879191   0.58988818   0.59847573   0.63439034   0.63763655   0.64557992   
9.00000000    0.15075963   0.20145362   0.20583659   0.30903770   0.31190171   0.42717890   0.42912791   0.45930719   0.52326000   0.53511251   0.53725350   0.54381633   0.54571215   0.55380784   0.57535184   0.58652732   0.59472951   0.62997536   0.63066371   0.64501606   
10.00000000    0.16733932   0.21377849   0.21890181   0.31707837   0.32052974   0.43254478   0.43502919   0.44971255   0.51947584   0.52330390   0.53189003   0.53808738   0.54578813   0.55523437   0.56150059   0.57452728   0.60059571   0.62051798   0.62290055   0.64434844   
11.00000000    0.18384883   0.22661407   0.23248798   0.32572515   0.32979572   0.43649164   0.44140926   0.44154255   0.50282796   0.51242565   0.52807833   0.53953641   0.54319183   0.55312731   0.55437526   0.56555772   0.60644897   0.60976566   0.61463598   0.64302105   
12.00000000    0.20027136   0.23988060   0.24650837   0.33492876   0.33964433   0.42798231   0.44580222   0.44821665   0.48620590   0.49676291   0.52804086   0.53039198   0.54133598   0.54576147   0.55498971   0.56526224   0.59894376   0.60608116   0.61229287   0.64097384   
13.00000000    0.21658623   0.25351539   0.26089230   0.34464197   0.35002245   0.41696153   0.45251198   0.45532523   0.46965776   0.48080048   0.51667894   0.52440845   0.53797848   0.54263567   0.55833119   0.56783299   0.58858939   0.59760943   0.61810911   0.63839806   
14.00000000    0.23276792   0.26747038   0.27558203   0.35481894   0.36087920   0.40535233   0.45301576   0.45990107   0.46106380   0.46642975   0.50292855   0.51420071   0.53621878   0.54381439   0.56085749   0.56995554   0.57979247   0.59019666   0.62386461   0.63547806   
15.00000000    0.24878515   0.28170977   0.29053019   0.36540822   0.37216525   0.39326647   0.43669158   0.44790469   0.46739381   0.47101231   0.48939000   0.50185662   0.53647890   0.54474824   0.55896054   0.56873834   0.57607568   0.58651709   0.62937167   0.63229629   
16.00000000    0.26459941   0.29620692   0.30569766   0.37611996   0.38099200   0.38382989   0.42040805   0.43192434   0.47331313   0.47707985   0.47803920   0.49059644   0.53683217   0.54485287   0.55216524   0.56291931   0.57838217   0.58794110   0.62884728   0.63122580   
17.00000000    0.28016159   0.31093814   0.32105179   0.36756782   0.38791804   0.39579922   0.40425197   0.41591908   0.46211581   0.47207776   0.48433327   0.49050447   0.53654806   0.54002072   0.54842278   0.55569183   0.58272767   0.59165297   0.62512572   0.62599811   
18.00000000    0.29539724   0.32585295   0.33656472   0.35428472   0.38824653   0.39957620   0.39965527   0.40834142   0.44918749   0.45984190   0.49282740   0.49752963   0.53108109   0.53467723   0.54835567   0.54971099   0.58742111   0.59590624   0.62044747   0.62125418   
19.00000000    0.31010345   0.33875230   0.34299757   0.35221074   0.37243685   0.38384234   0.41156030   0.42065757   0.43641845   0.44704529   0.50141556   0.50429907   0.52195757   0.53082197   0.54660272   0.54857501   0.59146857   0.59970378   0.61588035   0.61775927   
20.00000000    0.32101287   0.32977182   0.35608237   0.35759109   0.36748454   0.36848014   0.42326374   0.42445255   0.43090746   0.43664203   0.50741401   0.50755678   0.51576009   0.52830815   0.54581172   0.54866661   0.59325040   0.60144489   0.61392656   0.61612092   
21.00000000    0.32135466   0.33015261   0.35647132   0.35797814   0.36788121   0.36887517   0.42357575   0.42474660   0.43124519   0.43696694   0.50763793   0.50768797   0.51593587   0.52856043   0.54214313   0.55247847   0.59320688   0.60166240   0.61408564   0.61596143   
22.00000000    0.32237562   0.33129105   0.35763612   0.35913707   0.36906864   0.37005768   0.42451017   0.42562834   0.43225576   0.43794012   0.50803650   0.50831406   0.51642824   0.52931646   0.53762235   0.55750039   0.59301144   0.60231530   0.61456035   0.61544325   
23.00000000    0.32406286   0.33317515   0.35957073   0.36106114   0.37103908   0.37202010   0.42606191   0.42709683   0.43393083   0.43955693   0.50845637   0.50942671   0.51711459   0.53057291   0.53363672   0.56261801   0.59246130   0.60340048   0.61451319   0.61534008   
24.00000000    0.32639534   0.33578528   0.36226526   0.36373940   0.37377991   0.37475002   0.42822255   0.42915004   0.43625681   0.44180979   0.50854409   0.51096342   0.51780993   0.53083518   0.53232425   0.56776379   0.59119151   0.60491227   0.61333275   0.61640175   
25.00000000    0.32934455   0.33909452   0.36570622   0.36715695   0.37727397   0.37823064   0.43098028   0.43178436   0.43921517   0.44468823   0.50752880   0.51289889   0.51857492   0.52994257   0.53456211   0.57291938   0.58876729   0.60684165   0.61239806   0.61771183   
26.00000000    0.33287535   0.34306920   0.36987679   0.37129543   0.38150007   0.38244117   0.43431987   0.43499423   0.44278183   0.44817914   0.50483933   0.51519345   0.51993862   0.53100261   0.53727544   0.57808013   0.58498046   0.60917512   0.61220215   0.61921387   
27.00000000    0.33694695   0.34766940   0.37475716   0.37613345   0.38643351   0.38735746   0.43822245   0.43877203   0.44692497   0.45226694   0.50081097   0.51778286   0.52214917   0.53343068   0.54044862   0.58003126   0.58325265   0.61189259   0.61284540   0.62081088   
28.00000000    0.34151404   0.35284943   0.38032489   0.38164710   0.39204666   0.39295259   0.44266494   0.44310802   0.45159819   0.45693386   0.49604058   0.52055707   0.52508718   0.53675441   0.54405805   0.57437379   0.58843690   0.61409929   0.61496347   0.62231096   
29.00000000    0.34652789   0.35855799   0.38655529   0.38781034   0.39830943   0.39919746   0.44761903   0.44799042   0.45671889   0.46216014   0.49093303   0.52331325   0.52862515   0.54073017   0.54805832   0.56853005   0.59364737   0.61549202   0.61831507   0.62322163   
30.00000000    0.35193736   0.36473811   0.39342170   0.39459538   0.40518964   0.40606141   0.45304867   0.45340503   0.46208350   0.46792418   0.48583950   0.52565460   0.53268869   0.54522771   0.55230460   0.56323240   0.59888680   0.61543523   0.62022164   0.62190759   
31.00000000    0.35768989   0.37132628   0.40089590   0.40197285   0.41265286   0.41351276   0.45890471   0.45933209   0.46691510   0.47420273   0.48160506   0.52683413   0.53723331   0.55015745   0.55567862   0.56046539   0.60406287   0.60715077   0.60743323   0.61184279   
32.00000000    0.36373221   0.37825062   0.40894828   0.40991174   0.42066102   0.42151928   0.46511263   0.46566215   0.46817982   0.48097062   0.48138455   0.52586584   0.54222538   0.55542448   0.55570326   0.56376276   0.59356332   0.59403945   0.60042411   0.60152211   
33.00000000    0.37001051   0.38542713   0.41754801   0.41837886   0.42916594   0.43004858   0.46415864   0.47154260   0.47279279   0.48820003   0.48650122   0.52249649   0.54762568   0.55673971   0.56087821   0.56896421   0.57997305   0.58081286   0.58821596   0.58905803   
34.00000000    0.37647015   0.39275250   0.42666204   0.42733735   0.43807222   0.43906832   0.45878983   0.47792196   0.48017386   0.49585638   0.49360869   0.51774575   0.55333251   0.55888937   0.56545366   0.56696194   0.56814597   0.57321389   0.57715518   0.57749663   
35.00000000    0.38305370   0.40009077   0.43624625   0.43674264   0.44667236   0.44854620   0.45369784   0.48357303   0.48802914   0.50386703   0.50151782   0.51325368   0.55302006   0.55317975   0.55888572   0.56105210   0.56266324   0.56644640   0.57411207   0.58121859   
36.00000000    0.38969535   0.40724829   0.44496765   0.44653028   0.44692283   0.45844900   0.45850287   0.48686014   0.49632026   0.51044104   0.50992339   0.51303701   0.54017123   0.54096110   0.54959423   0.54966278   0.56594317   0.56795769   0.57686610   0.57929276   
37.00000000    0.39630436   0.41392741   0.43951576   0.45657066   0.45691108   0.46850933   0.46873818   0.48624231   0.50500976   0.51315115   0.51860618   0.52135779   0.52749441   0.52885991   0.53750268   0.53754288   0.56476716   0.56544871   0.57377713   0.57749913   
38.00000000    0.40270714   0.41965054   0.43345047   0.46641929   0.46778486   0.47912929   0.47928126   0.48382732   0.51381182   0.51430173   0.51497880   0.52122463   0.52474903   0.52564494   0.52860888   0.53062694   0.55480451   0.55786158   0.56760518   0.56979765   
39.00000000    0.40838375   0.42368737   0.42795319   0.47350265   0.47904330   0.48411813   0.49012142   0.49055653   0.50261348   0.50388449   0.51299416   0.51339213   0.52380956   0.52755178   0.53670377   0.53978667   0.54496027   0.54967612   0.55850326   0.55998449   
40.00000000    0.41122605   0.42516345   0.42518387   0.47465755   0.49056798   0.49056918   0.49070002   0.49479087   0.50100428   0.50173445   0.50202124   0.50202704   0.53183863   0.53185498   0.53503536   0.54412098   0.54469659   0.54842564   0.55185568   0.55187519   
41.00000000    0.40552209   0.42552077   0.42746863   0.46630578   0.47868735   0.47912921   0.49129352   0.49354170   0.50193888   0.50241972   0.51426077   0.51737819   0.52416494   0.52601917   0.53678832   0.54010180   0.54711962   0.54768355   0.55999727   0.56773071   
42.00000000    0.39327603   0.42647828   0.43057568   0.44412349   0.45590431   0.48239226   0.49294236   0.49333392   0.50239596   0.50353660   0.50493643   0.50834074   0.53549278   0.53779275   0.54208674   0.54796780   0.54876549   0.54982790   0.57211874   0.57707120   
43.00000000    0.37792081   0.42038046   0.42711078   0.43413277   0.43450364   0.47408767   0.48864488   0.49322947   0.49631248   0.50320667   0.50654158   0.50860291   0.53759390   0.54300907   0.54971532   0.55030323   0.56241703   0.56275885   0.56415616   0.57096206   
44.00000000    0.36059789   0.39789348   0.40963616   0.43109713   0.43716726   0.45741048   0.46997883   0.49823279   0.50012410   0.50758781   0.51043374   0.51484645   0.53820072   0.53856897   0.54982722   0.55112459   0.55646639   0.56090530   0.58600302   0.59202064   
45.00000000    0.34184905   0.37548554   0.38719840   0.43312630   0.43584533   0.44468734   0.45199248   0.50390037   0.50521185   0.51092540   0.51532424   0.52066127   0.53122368   0.53130826   0.54901845   0.55506967   0.55906853   0.56489589   0.60281129   0.60498514   
46.00000000    0.32198249   0.35340749   0.36479276   0.42053717   0.42871187   0.44148429   0.44668665   0.50555666   0.51103607   0.51132452   0.51770242   0.52260487   0.52318934   0.53569644   0.55325597   0.56007794   0.56363486   0.57093138   0.59936216   0.60041939   
47.00000000    0.30120792   0.33173206   0.34256908   0.40373835   0.41257405   0.44364589   0.45111215   0.49504804   0.50452037   0.51840655   0.51917712   0.52883898   0.52902372   0.54404132   0.55892480   0.56533834   0.56883984   0.57806633   0.59346454   0.59497948   
48.00000000    0.27969583   0.31049784   0.32059649   0.38728838   0.39537043   0.44773761   0.45619822   0.48331643   0.49207120   0.52675181   0.52732054   0.53637870   0.53669505   0.55247506   0.56488874   0.56963061   0.57395189   0.58429548   0.59011304   0.59168299   
49.00000000    0.25759780   0.28973132   0.29894338   0.37141965   0.37856678   0.45198772   0.46172158   0.47182590   0.48049941   0.53601337   0.53651710   0.54423198   0.54534185   0.55927588   0.56802599   0.57196422   0.57872204   0.58800734   0.58996099   0.59854777   
50.00000000    0.23504720   0.26946682   0.27769177   0.35626040   0.36243516   0.45459769   0.46062947   0.46787136   0.47164414   0.54589724   0.54655289   0.55041318   0.55401498   0.56253978   0.56573432   0.57733450   0.58599674   0.59416988   0.59512876   0.60802914   
51.00000000    0.21215511   0.24976528   0.25694616   0.34192727   0.34713678   0.45040468   0.45086601   0.47022841   0.47404626   0.54873310   0.55465390   0.55774754   0.55889395   0.56835669   0.56918209   0.58623678   0.59071679   0.59532530   0.60184577   0.60350838   
52.00000000    0.18900897   0.23072893   0.23684307   0.32854224   0.33281786   0.44092065   0.44262554   0.47443650   0.48049915   0.54452085   0.55037995   0.56942274   0.56991270   0.57840382   0.57924105   0.58467652   0.59563357   0.59741495   0.60555213   0.61076797   
53.00000000    0.16567503   0.21251331   0.21756340   0.31623657   0.31962814   0.43232269   0.43402580   0.48012837   0.48707384   0.53976748   0.54484476   0.57849207   0.58197799   0.58245731   0.58985914   0.58994814   0.59042478   0.60705068   0.61631242   0.62006435   
54.00000000    0.14220257   0.19533976   0.19934840   0.30515043   0.30772460   0.42469403   0.42609830   0.48626862   0.49363369   0.53542974   0.53969216   0.57233045   0.58329063   0.59524292   0.59575258   0.60163275   0.60186644   0.61775432   0.62524556   0.62986992   
55.00000000    0.11862811   0.17950929   0.18251890   0.29542978   0.29727003   0.41810619   0.41914499   0.49252489   0.49996776   0.53193916   0.53523125   0.56614601   0.57659272   0.60894692   0.60969633   0.61274686   0.61288659   0.62837694   0.63177205   0.63967518   
56.00000000    0.09497905   0.16541572   0.16749452   0.28722100   0.28842799   0.41262232   0.41331075   0.49866581   0.50567721   0.52976602   0.53164966   0.55999240   0.56987158   0.61976658   0.62110259   0.62454183   0.62454223   0.63861735   0.63880664   0.64590500   
57.00000000    0.07127642   0.15354850   0.15480291   0.28066341   0.28135491   0.40829680   0.40868780   0.50438968   0.51002678   0.52965709   0.52915867   0.55396262   0.56314771   0.62426270   0.62497187   0.63940441   0.63966696   0.64626253   0.64824594   0.65459642   
58.00000000    0.04753683   0.14446786   0.14505861   0.27588011   0.27618980   0.40517395   0.40534104   0.50917464   0.51234751   0.53224821   0.52806750   0.54827102   0.55646286   0.62582253   0.62604696   0.65039993   0.65511009   0.65539344   0.65880640   0.66770862   
59.00000000    0.02377400   0.13873080   0.13888400   0.27296833   0.27304305   0.40328672   0.40331526   0.51226937   0.51310427   0.52853941   0.53695011   0.54350662   0.54994215   0.62623498   0.62624971   0.65306397   0.66725426   0.67125817   0.67166334   0.68149500   
60.00000000    0.00000000   0.13676382   0.13676433   0.27198592   0.27199053   0.40263711   0.40265535   0.51323964   0.51327439   0.52928009   0.54131923   0.54135859   0.54509035   0.62626342   0.62630390   0.65398261   0.67077013   0.68753409   0.68811295   0.68811419   
